MatLab_Code/img_model_res.grd
DSAA
101 101
-2500 2500
-2500 2500
-6.53759 2.42116
[rows 58 to 86 of 101, columns 0 to 66 of 101]
2.19734 2.18397 2.17583 2.15049 2.13507 2.10648 2.08522 2.05411 2.02875 1.99637 1.96757 1.93508 1.90302 1.87098 1.83395 1.80388 1.76384 1.72938 1.68897 1.65083 1.60534 1.56682 1.51113 1.47058 1.40862 1.36094 1.29275 1.24088 1.16855 1.12005 1.057 1.01825 0.979616 0.974288 0.968796 1.00739 1.04052 1.11306 1.17178 1.26104 1.32865 1.40868 1.46877 1.52895 1.5626 1.60278 1.61561 1.63536 1.63298 1.6393 1.62795 1.62748 1.61279 1.6107 1.59796 1.59629 1.58937 1.58849 1.59035 1.59373 1.60446 1.61265 1.63295 1.64604 1.67421 1.69044 1.72325
2.18035 2.17907 2.14925 2.14343 2.10768 2.09471 2.05609 2.03791 1.99747 1.97521 1.93447 1.90829 1.86805 1.83776 1.79982 1.76344 1.7249 1.68783 1.64434 1.60395 1.55824 1.50847 1.46321 1.40266 1.35008 1.28019 1.21859 1.13798 1.07187 0.986639 0.92385 0.858246 0.81947 0.789639 0.802482 0.822825 0.890928 0.961429 1.06874 1.16266 1.27401 1.36591 1.45307 1.52045 1.58269 1.6178 1.65137 1.66446 1.6768 1.67574 1.67695 1.66859 1.66541 1.65532 1.65144 1.64449 1.64182 1.64098 1.64168 1.64779 1.65359 1.66694 1.67758 1.6973 1.71173 1.73646 1.75202
2.17056 2.15117 2.14414 2.11233 2.09647 2.06215 2.03982 2.00348 1.97626 1.93938 1.90802 1.87171 1.83622 1.80104 1.7594 1.72698 1.68131 1.64492 1.5979 1.55826 1.5046 1.46293 1.39917 1.35154 1.27717 1.21567 1.12663 1.05109 0.94642 0.86559 0.761879 0.690669 0.618597 0.597452 0.583993 0.638056 0.697189 0.815332 0.924287 1.0729 1.19523 1.3287 1.43228 1.53006 1.59056 1.6532 1.68023 1.71147 1.71649 1.72755 1.72127 1.72263 1.71278 1.70988 1.70184 1.69834 1.69529 1.69339 1.69734 1.69844 1.70952 1.71338 1.7316 1.73857 1.76208 1.77055 1.79713
2.15001 2.14749 2.11365 2.10527 2.06558 2.04924 2.00745 1.98506 1.9422 1.91529 1.87286 1.84148 1.80021 1.76394 1.72568 1.68212 1.64422 1.59921 1.55683 1.50732 1.46282 1.40387 1.35663 1.28448 1.22441 1.13539 1.05606 0.942682 0.844357 0.709005 0.602485 0.483166 0.405605 0.341057 0.345158 0.37292 0.476347 0.597877 0.772103 0.936562 1.11728 1.27145 1.40996 1.51906 1.61187 1.66925 1.71747 1.74097 1.75869 1.76218 1.76535 1.75913 1.75617 1.74814 1.74364 1.73803 1.73478 1.73433 1.73404 1.73906 1.74215 1.75305 1.7592 1.77471 1.78303 1.80197 1.81072
2.14121 2.11576 2.10898 2.07105 2.05337 2.01399 1.989 1.94842 1.91801 1.87806 1.84268 1.80444 1.76418 1.72848 1.68047 1.64771 1.59639 1.55956 1.50632 1.46597 1.40722 1.36391 1.29371 1.24153 1.15536 1.08191 0.968529 0.866596 0.713095 0.585441 0.415552 0.283361 0.149831 0.0851233 0.0499469 0.111562 0.209713 0.389201 0.580307 0.81212 1.02026 1.22251 1.38863 1.52783 1.62352 1.70578 1.74935 1.78722 1.79904 1.81097 1.80717 1.8069 1.79857 1.79363 1.78704 1.7813 1.77939 1.77464 1.77879 1.77577 1.78609 1.78484 1.80054 1.80154 1.82097 1.82285 1.84437
2.11725 2.11294 2.07538 2.06299 2.02005 1.99839 1.95465 1.92623 1.88239 1.84911 1.80687 1.76879 1.7291 1.68512 1.65012 1.59843 1.56347 1.51019 1.47063 1.41349 1.37099 1.30556 1.25999 1.1793 1.11778 1.01286 0.920229 0.768763 0.633112 0.432812 0.257362 0.0566817 -0.0969124 -0.223579 -0.25568 -0.223927 -0.0811312 0.118896 0.386793 0.658088 0.930222 1.16909 1.36628 1.52613 1.64782 1.72912 1.78762 1.82027 1.83928 1.84578 1.84607 1.84094 1.835 1.8273 1.82014 1.81469 1.80878 1.8077 1.804 1.80779 1.80683 1.81536 1.81666 1.82856 1.83135 1.84581 1.8488
2.10937 2.0782 2.07012 2.02658 2.005 1.96142 1.93165 1.88826 1.85217 1.81102 1.76996 1.7326 1.68609 1.65165 1.59885 1.56685 1.51104 1.47465 1.41686 1.37723 1.31475 1.27314 1.2 1.15104 1.06006 0.987033 0.85303 0.733484 0.534534 0.349846 0.100627 -0.124306 -0.347229 -0.493277 -0.571648 -0.518464 -0.37041 -0.110467 0.196139 0.53595 0.851826 1.13029 1.36449 1.54121 1.67061 1.76666 1.82482 1.86457 1.881 1.88976 1.88668 1.88198 1.87387 1.86463 1.85837 1.84848 1.84673 1.83778 1.84144 1.834 1.84278 1.83685 1.84983 1.84574 1.86155 1.85819 1.87563
2.08265 2.07536 2.03415 2.01614 1.97008 1.94077 1.89562 1.85898 1.8149 1.77379 1.73368 1.68827 1.65264 1.60193 1.57071 1.5131 1.4808 1.42181 1.38468 1.32201 1.28317 1.21445 1.17636 1.0955 1.045 0.93596 0.849002 0.681337 0.521382 0.269762 0.0206605 -0.269651 -0.525191 -0.738687 -0.837055 -0.814155 -0.631404 -0.333713 0.0488268 0.442806 0.806767 1.1213 1.36269 1.56002 1.69901 1.79791 1.86179 1.9005 1.918 1.92526 1.91966 1.91413 1.90305 1.8949 1.88334 1.87739 1.86762 1.86563 1.85812 1.86043 1.85534 1.86156 1.8584 1.86724 1.86541 1.8763 1.8748
2.0752 2.03836 2.02749 1.97773 1.95103 1.90194 1.86522 1.81822 1.77569 1.73315 1.68727 1.6506 1.60097 1.56857 1.51332 1.48334 1.42441 1.38923 1.3272 1.28941 1.22397 1.1877 1.11664 1.0817 0.996603 0.944311 0.821542 0.713221 0.509736 0.306328 0.025487 -0.264177 -0.558602 -0.790106 -0.92238 -0.887938 -0.694071 -0.353573 0.0597664 0.48524 0.864425 1.16587 1.4117 1.58696 1.72681 1.83064 1.89982 1.93995 1.95852 1.96242 1.9586 1.94787 1.93872 1.9243 1.91742 1.90314 1.90063 1.88771 1.89011 1.87874 1.88564 1.87567 1.88609 1.87785 1.89063 1.88316 1.89743
2.0466 2.03501 1.98901 1.96419 1.91303 1.87489 1.82454 1.77931 1.73279 1.68507 1.64536 1.59565 1.5631 1.51018 1.48342 1.42317 1.39469 1.33083 1.29686 1.22817 1.19395 1.12321 1.09735 1.02307 0.997929 0.913244 0.860649 0.726846 0.601798 0.404839 0.223723 0.00293451 -0.233149 -0.466763 -0.60872 -0.599403 -0.391581 -0.033057 0.410424 0.825588 1.14693 1.36194 1.49929 1.62598 1.748 1.85357 1.92836 1.97331 1.9904 1.99589 1.98542 1.97734 1.96123 1.95123 1.9358 1.92826 1.91518 1.91143 1.90081 1.90099 1.8927 1.89634 1.88984 1.89574 1.89055 1.89829 1.89365
2.03929 1.9962 1.98023 1.92233 1.88877 1.82996 1.78566 1.73023 1.68244 1.63438 1.58604 1.54832 1.49945 1.47078 1.41564 1.39213 1.32951 1.29901 1.23023 1.19608 1.12317 1.09546 1.02327 1.01049 0.946625 0.934189 0.857635 0.809951 0.707121 0.682542 0.675683 0.648687 0.575767 0.459244 0.382102 0.430761 0.628594 0.953288 1.30454 1.59406 1.74454 1.76182 1.72994 1.69994 1.76293 1.86381 1.95376 2.00367 2.02641 2.02607 2.02066 2.00379 1.99315 1.97349 1.96582 1.94718 1.94395 1.92712 1.92847 1.91334 1.91874 1.9051 1.91359 1.90174 1.91233 1.90143 1.91349
2.0101 1.99137 1.93995 1.90409 1.84452 1.79473 1.73487 1.67945 1.62558 1.57031 1.52844 1.47545 1.44752 1.39454 1.37766 1.31637 1.29636 1.22854 1.19716 1.12026 1.0863 1.00982 0.993385 0.932316 0.936253 0.894377 0.89609 0.847843 0.892643 1.0314 1.19259 1.27341 1.34488 1.4157 1.51472 1.64261 1.8236 2.01601 2.16608 2.22867 2.20711 2.13384 1.99161 1.81769 1.77453 1.86301 1.96591 2.02984 2.05177 2.05576 2.04081 2.0303 2.00885 1.99739 1.97814 1.96923 1.95311 1.94778 1.93437 1.93266 1.92165 1.92303 1.91389 1.91727 1.90957 1.91469 1.9078
2.00252 1.9526 1.92764 1.85805 1.81445 1.73949 1.68605 1.61378 1.55885 1.49752 1.44679 1.40426 1.36007 1.33563 1.28975 1.27173 1.21782 1.1839 1.11928 1.07284 1.00018 0.957848 0.896507 0.885993 0.862029 0.877352 0.873599 0.904373 1.02536 1.25497 1.39009 1.50413 1.60045 1.73298 1.84648 1.99092 2.11504 2.24422 2.30034 2.31814 2.26829 2.20529 2.0705 1.9212 1.78201 1.85822 1.97211 2.05776 2.07896 2.08216 2.06854 2.05106 2.03498 2.01434 2.00298 1.98328 1.97708 1.95887 1.9576 1.94071 1.94364 1.92796 1.93402 1.91997 1.92826 1.91512 1.92517
1.97499 1.94707 1.88477 1.83676 1.76026 1.69758 1.61702 1.54861 1.47443 1.40931 1.35432 1.30036 1.2723 1.22981 1.22125 1.17474 1.15637 1.099 1.05765 0.983781 0.927712 0.850016 0.818453 0.778247 0.795504 0.804905 0.844576 0.89609 1.07118 1.2823 1.39928 1.46826 1.59097 1.66819 1.80045 1.90523 2.02778 2.10212 2.16337 2.17544 2.17719 2.111 2.07071 1.90294 1.80047 1.83422 1.99786 2.07492 2.10707 2.10268 2.08642 2.07079 2.04708 2.03275 2.01176 2.00084 1.98276 1.97585 1.96012 1.95703 1.94336 1.94346 1.93145 1.93365 1.92303 1.92713 1.91736
1.96863 1.90771 1.87195 1.78504 1.72612 1.62883 1.55561 1.45862 1.38189 1.29925 1.23207 1.1822 1.13796 1.12547 1.09438 1.09253 1.05708 1.02175 0.960511 0.89919 0.815263 0.744114 0.680326 0.671737 0.678924 0.728113 0.772562 0.851084 1.02448 1.19568 1.27719 1.36607 1.38538 1.48311 1.54195 1.64482 1.73664 1.84115 1.92166 1.98226 2.00145 2.03335 1.94652 1.88263 1.77 1.85786 2.0152 2.10889 2.12933 2.12385 2.10919 2.08528 2.06985 2.04424 2.03376 2.00995 2.00428 1.98242 1.9812 1.96097 1.96347 1.94481 1.94996 1.93335 1.94035 1.92517 1.9337
1.94262 1.90361 1.8286 1.7607 1.66548 1.57614 1.47059 1.36859 1.26605 1.16572 1.08979 1.01505 0.990101 0.958356 0.982709 0.98354 1.01495 0.996111 0.933946 0.828156 0.703743 0.591908 0.533695 0.511281 0.557234 0.617831 0.702719 0.778402 0.896361 1.05713 1.11718 1.09823 1.14375 1.10643 1.14373 1.18592 1.30527 1.44098 1.60053 1.72366 1.831 1.83262 1.88234 1.77243 1.75878 1.88162 2.06758 2.13303 2.15428 2.1413 2.12106 2.10263 2.0757 2.06041 2.03724 2.02548 2.00544 1.99749 1.97987 1.97552 1.96001 1.95856 1.94491 1.94531 1.93333 1.93546 1.92473
1.94065 1.86819 1.81491 1.71051 1.62546 1.50175 1.39172 1.25872 1.13499 1.01226 0.900977 0.827159 0.772654 0.790286 0.848443 0.99584 1.13357 1.16001 1.07542 0.87492 0.651625 0.444816 0.342059 0.336158 0.404492 0.507442 0.61532 0.693674 0.776888 0.850875 0.856897 0.830287 0.696265 0.624383 0.526215 0.540846 0.651331 0.897701 1.15169 1.3945 1.54367 1.69313 1.68189 1.70818 1.7624 1.98198 2.10991 2.17333 2.17019 2.15899 2.13657 2.11234 2.0933 2.06793 2.05467 2.03095 2.02275 2.00076 1.997 1.97652 1.97631 1.9575 1.95977 1.94311 1.94721 1.93207 1.93782
1.91941 1.86644 1.77836 1.68426 1.56836 1.44006 1.3015 1.14355 0.994158 0.824631 0.699699 0.572619 0.544175 0.567453 0.802359 1.15051 1.37214 1.35796 1.22101 0.988168 0.678887 0.3234 0.131255 0.127165 0.249466 0.39176 0.541842 0.642457 0.685278 0.655791 0.58947 0.378251 0.169725 -0.133905 -0.342866 -0.424242 -0.266764 0.0563664 0.485757 0.882077 1.21094 1.39598 1.56803 1.65548 1.88389 2.06937 2.17487 2.19497 2.19129 2.17052 2.14605 2.12516 2.09679 2.08024 2.05621 2.043 2.02244 2.01252 1.99472 1.98785 1.9725 1.96799 1.95488 1.95217 1.94054 1.93989 1.92937
1.92535 1.83889 1.76958 1.64283 1.53133 1.37147 1.21785 1.02849 0.838275 0.637986 0.450327 0.307821 0.24561 0.367475 0.789397 1.30889 1.48295 1.44856 1.25481 1.01374 0.630482 0.219765 -0.119964 -0.0784005 0.0769782 0.304962 0.474456 0.61563 0.659382 0.609003 0.40557 0.147879 -0.235475 -0.602414 -0.895501 -0.964475 -0.805864 -0.426281 0.0600263 0.568616 0.978008 1.31709 1.56331 1.83559 2.04325 2.16894 2.2139 2.21882 2.20465 2.17905 2.15835 2.127 2.11174 2.08115 2.07091 2.04285 2.03678 2.01105 2.00858 1.98489 1.98522 1.96381 1.96589 1.94709 1.95073 1.93384 1.93896
1.9116 1.84727 1.74172 1.62926 1.48401 1.32401 1.13616 0.922207 0.694989 0.440156 0.212983 0.00273629 -0.0625264 0.125049 0.750454 1.37437 1.57662 1.48289 1.31917 0.959222 0.59484 0.0139833 -0.363191 -0.335949 -0.0490834 0.225215 0.471461 0.619202 0.705159 0.6763 0.567414 0.320788 0.0360919 -0.229736 -0.364933 -0.352817 -0.171612 0.12642 0.505613 0.891955 1.26783 1.57947 1.86474 2.04432 2.17384 2.23057 2.24529 2.23707 2.21199 2.19246 2.15785 2.1413 2.10732 2.09498 2.06558 2.05628 2.03039 2.02412 2.00093 1.99742 1.97687 1.97529 1.95734 1.9568 1.94135 1.94214 1.92843
1.92703 1.83172 1.74709 1.60418 1.46839 1.27838 1.08025 0.835902 0.567815 0.278365 -0.0190112 -0.26548 -0.382095 -0.126218 0.663471 1.42967 1.6528 1.58665 1.31803 0.999085 0.464747 -0.167931 -0.68182 -0.557245 -0.165042 0.224233 0.493933 0.694083 0.793625 0.828819 0.768711 0.673532 0.525486 0.421001 0.373647 0.440872 0.600509 0.851399 1.13583 1.43314 1.69185 1.92407 2.07523 2.19467 2.24958 2.26973 2.26402 2.24422 2.22212 2.19067 2.16985 2.13689 2.12173 2.09017 2.07983 2.05078 2.04419 2.0176 2.01416 1.98981 1.98857 1.96693 1.96682 1.94843 1.94921 1.93337 1.93527
1.92519 1.84988 1.73926 1.60908 1.45246 1.26214 1.04708 0.777606 0.49429 0.147253 -0.170464 -0.495948 -0.619406 -0.373715 0.540746 1.48791 1.77366 1.65968 1.41423 0.973343 0.4162 -0.410053 -0.973184 -0.724322 -0.187554 0.269046 0.598851 0.809578 0.942886 1.00083 1.02245 0.989507 0.969436 0.950976 0.997621 1.09063 1.24733 1.42909 1.6342 1.82258 1.99723 2.122 2.22618 2.26899 2.29278 2.29064 2.27541 2.2529 2.22291 2.19924 2.1659 2.14772 2.11458 2.1011 2.0722 2.06172 2.03613 2.02817 2.00558 1.99975 1.98007 1.97578 1.95869 1.95568 1.94064 1.9394 1.92579
1.95105 1.85364 1.7591 1.61535 1.46683 1.26759 1.04578 0.774195 0.45899 0.112078 -0.259076 -0.593324 -0.769071 -0.518895 0.452799 1.58217 1.88787 1.78759 1.4843 1.02071 0.360925 -0.575627 -1.18094 -0.762612 -0.133278 0.40336 0.74124 0.982373 1.11289 1.20701 1.23493 1.27716 1.28513 1.33899 1.39388 1.50352 1.62011 1.7743 1.91132 2.05323 2.15225 2.24321 2.27842 2.31357 2.30947 2.30169 2.27576 2.25235 2.22278 2.19476 2.16932 2.14091 2.12155 2.0946 2.07957 2.05465 2.04309 2.02062 2.01163 1.99162 1.98433 1.96721 1.96087 1.94677 1.94159 1.92985 1.92593
1.96343 1.87984 1.7768 1.6436 1.49335 1.29984 1.0868 0.806016 0.514371 0.137995 -0.203072 -0.579174 -0.725633 -0.510208 0.507663 1.71005 2.03377 1.90946 1.59684 1.09583 0.401493 -0.594311 -1.1839 -0.64792 0.0381541 0.597563 0.946863 1.17511 1.3128 1.4016 1.46316 1.50439 1.55665 1.61245 1.69157 1.78345 1.88935 1.99488 2.09635 2.18251 2.25198 2.29551 2.32507 2.32772 2.3177 2.30261 2.27522 2.25277 2.21874 2.19857 2.16309 2.14806 2.11343 2.10224 2.07127 2.06257 2.03501 2.02817 2.00367 1.99841 1.97708 1.97283 1.95436 1.95114 1.93483 1.93316 1.91846
1.99409 1.90106 1.81365 1.67929 1.54605 1.35915 1.15942 0.903393 0.614887 0.283752 -0.0586589 -0.383741 -0.535744 -0.292861 0.708663 1.90163 2.17275 2.03823 1.71216 1.23069 0.552564 -0.405478 -0.961634 -0.387062 0.296351 0.855102 1.16746 1.39136 1.50057 1.59898 1.63727 1.70619 1.7401 1.8147 1.86797 1.95729 2.02608 2.11916 2.18246 2.25438 2.28812 2.32609 2.32398 2.33184 2.31175 2.29631 2.2667 2.24329 2.21409 2.18794 2.1632 2.13669 2.11692 2.09164 2.07543 2.05187 2.03859 2.01729 2.00615 1.98724 1.97751 1.96154 1.95251 1.93951 1.9316 1.92096 1.91432
2.01331 1.93696 1.84763 1.73332 1.60493 1.4427 1.26484 1.03181 0.793382 0.485277 0.214142 -0.0833682 -0.169914 0.0802996 1.05191 2.10721 2.31255 2.13891 1.8336 1.40429 0.82195 -0.0327641 -0.534189 -0.00940697 0.634779 1.13054 1.41582 1.59157 1.69371 1.7614 1.8135 1.85492 1.90472 1.95551 2.01687 2.07901 2.14354 2.20077 2.2513 2.28934 2.31681 2.32924 2.33355 2.32368 2.30561 2.28765 2.26012 2.23889 2.2072 2.18835 2.15541 2.14091 2.10806 2.09677 2.06661 2.05739 2.03037 2.02242 1.9984 1.99182 1.97064 1.96499 1.94657 1.942 1.92551 1.92239 1.9077
2.04332 1.96954 1.89447 1.78985 1.68244 1.54252 1.38766 1.20453 0.990507 0.765248 0.525294 0.325205 0.254086 0.546738 1.4179 2.2807 2.39271 2.20949 1.94459 1.57874 1.12361 0.422821 0.000749832 0.421603 0.992823 1.41503 1.63823 1.7844 1.85086 1.91239 1.93525 1.98334 2.00795 2.06054 2.09368 2.15044 2.18657 2.2394 2.2672 2.3039 2.31212 2.32719 2.31474 2.31255 2.29054 2.27409 2.24666 2.22507 2.19833 2.1744 2.15106 2.12629 2.10698 2.08294 2.06641 2.04381 2.02941 2.00912 1.99619 1.97812 1.96641 1.95104 1.94009 1.92744 1.91764 1.90735 1.89879
2.06464 2.00696 1.93642 1.854 1.75934 1.6472 1.52706 1.37494 1.22622 1.04108 0.886397 0.731762 0.720025 0.989956 1.73796 2.36293 2.42116 2.25538 2.01862 1.747 1.38141 0.870374 0.542339 0.866632 1.34731 1.67071 1.84791 1.94008 1.99575 2.02367 2.05451 2.07295 2.10594 2.13258 2.17304 2.20416 2.24297 2.26761 2.29482 2.30602 2.31849 2.31524 2.31363 2.29729 2.28197 2.26127 2.2398 2.21698 2.1921 2.17095 2.14449 2.12669 2.09974 2.08511 2.059 2.04645 2.02295 2.01136 1.99027 1.98014 1.96114 1.95214 1.93554 1.92762 1.91306 1.90646 1.89376
2.09076 2.03867 1.98576 1.91191 1.84267 1.75341 1.66027 1.5563 1.44046 1.32691 1.21277 1.13138 1.12216 1.34424 1.90582 2.36285 2.40054 2.26343 2.07236 1.86343 1.57977 1.21399 0.991164 1.27058 1.6519 1.89451 2.00404 2.07337 2.09457 2.12106 2.12396 2.1481 2.15785 2.18664 2.20151 2.23231 2.24824 2.27543 2.28581 2.30269 2.30117 2.30377 2.29042 2.28251 2.26345 2.24591 2.22319 2.20168 2.17939 2.15551 2.13571 2.1104 2.09395 2.06821 2.0545 2.02977 2.01734 1.99502 1.98342 1.96326 1.95263 1.93491 1.9251 1.90997 1.90122 1.88839 1.88078
