MatLab_Code/img_model_for.grd
DSAA
101 101
-2500 2500
-2500 2500
-27.2993 108.981
[rows 0 to 27 of 101, columns 0 to 62 of 101]
-0.769352 -0.757255 -0.717207 -0.71299 -0.672268 -0.656057 -0.596071 -0.563229 -0.484765 -0.438372 -0.347393 -0.292843 -0.194693 -0.13628 -0.0353177 0.0238304 0.125699 0.18204 0.284179 0.335974 0.434813 0.480922 0.572294 0.611059 0.692961 0.720962 0.792271 0.808635 0.866918 0.87068 0.915644 0.904824 0.936355 0.913367 0.92937 0.895621 0.899081 0.856001 0.848962 0.798771 0.784212 0.727849 0.708773 0.650861 0.628404 0.573253 0.549949 0.499704 0.478842 0.435767 0.419227 0.384998 0.373361 0.349008 0.341587 0.326324 0.322111 0.313303 0.309673 0.303673 0.296945 0.28868 0.274511
-0.707548 -0.703139 -0.637489 -0.64753 -0.582325 -0.574377 -0.494718 -0.463581 -0.370553 -0.319859 -0.218729 -0.154123 -0.0505373 0.0233247 0.126313 0.205706 0.304288 0.388898 0.479733 0.565245 0.648011 0.728939 0.80346 0.875998 0.938214 1.00171 1.04973 1.10052 1.134 1.17006 1.18696 1.20852 1.20978 1.21429 1.20277 1.19166 1.16785 1.14332 1.10955 1.07436 1.03287 0.991536 0.945858 0.899687 0.856401 0.807279 0.768939 0.721869 0.691376 0.648826 0.628881 0.592279 0.584899 0.55464 0.559033 0.534932 0.548604 0.529172 0.548381 0.529785 0.548787 0.527102 0.5391
-0.654196 -0.626499 -0.572872 -0.5548 -0.499373 -0.466199 -0.390113 -0.3404 -0.243873 -0.181402 -0.0691988 -0.000156227 0.122736 0.194278 0.322917 0.394571 0.526979 0.593805 0.727431 0.788341 0.917536 0.971929 1.09089 1.13634 1.24415 1.27593 1.36934 1.38643 1.4623 1.4633 1.52127 1.50444 1.54298 1.51104 1.52942 1.48308 1.48397 1.42545 1.41157 1.34386 1.31946 1.24542 1.21418 1.14022 1.10364 1.03526 0.998925 0.938751 0.906268 0.858358 0.832096 0.799491 0.781531 0.763588 0.756292 0.749747 0.751815 0.754671 0.761646 0.769493 0.775644 0.781656 0.780383
-0.587319 -0.569217 -0.492448 -0.484381 -0.401937 -0.375884 -0.276244 -0.226913 -0.113613 -0.0432485 0.0777644 0.163771 0.287886 0.384315 0.50928 0.61138 0.733501 0.839636 0.955822 1.06028 1.16949 1.26621 1.36719 1.45226 1.53917 1.61105 1.6812 1.73596 1.78733 1.8228 1.85283 1.86869 1.87815 1.87259 1.8631 1.83832 1.81146 1.76997 1.72896 1.67477 1.62308 1.56121 1.50415 1.43766 1.38246 1.31572 1.26614 1.20501 1.16601 1.11393 1.08968 1.04887 1.04172 1.01432 1.02268 1.00956 1.03131 1.02902 1.05983 1.06275 1.09537 1.09701 1.12203
-0.527515 -0.495112 -0.418863 -0.390597 -0.310445 -0.261486 -0.16164 -0.0934004 0.0265023 0.108642 0.244495 0.334989 0.48199 0.577122 0.730276 0.827619 0.984012 1.07866 1.23435 1.32468 1.4735 1.55742 1.69339 1.76669 1.88796 1.94499 2.04744 2.08545 2.16597 2.18227 2.23987 2.23267 2.26558 2.23647 2.24538 2.1952 2.18269 2.11487 2.08467 2.00312 1.96063 1.87039 1.82049 1.72891 1.67602 1.5896 1.54065 1.46444 1.42429 1.36401 1.33651 1.29652 1.28397 1.26569 1.27003 1.27167 1.29103 1.30911 1.33826 1.36635 1.39808 1.42566 1.45082
-0.456754 -0.422515 -0.334393 -0.305213 -0.20522 -0.157545 -0.0360599 0.0339364 0.172316 0.262466 0.411266 0.517331 0.671704 0.789189 0.94634 1.07051 1.22641 1.35437 1.50574 1.63095 1.77539 1.89139 2.02567 2.12771 2.24515 2.32988 2.42659 2.48945 2.56175 2.60008 2.64471 2.65716 2.6745 2.66012 2.65081 2.61228 2.57911 2.51946 2.46672 2.39143 2.32428 2.23936 2.16519 2.07625 2.00307 1.91685 1.85095 1.77472 1.72321 1.66227 1.6311 1.58933 1.58244 1.56236 1.57973 1.58207 1.62134 1.64195 1.69741 1.72919 1.79069 1.82449 1.87851
-0.38441 -0.344616 -0.245946 -0.206 -0.100228 -0.0344622 0.091272 0.180828 0.325346 0.432751 0.592831 0.712115 0.884088 1.01078 1.19043 1.32117 1.50515 1.63486 1.81798 1.94394 2.11941 2.23769 2.39893 2.50377 2.64694 2.73189 2.85133 2.91205 3.00378 3.03622 3.09818 3.10026 3.1303 3.10246 3.10229 3.0456 3.01798 2.93711 2.88712 2.78732 2.72188 2.6107 2.53647 2.4228 2.34743 2.23974 2.17199 2.07809 2.02502 1.95286 1.92044 1.87635 1.86868 1.85571 1.87521 1.89249 1.93675 1.98076 2.0432 2.10505 2.1759 2.24106 2.30715
-0.309007 -0.258985 -0.156829 -0.107048 0.0113325 0.0827007 0.227217 0.321062 0.48673 0.600388 0.780787 0.910764 1.10064 1.24352 1.43887 1.59052 1.78645 1.94294 2.13556 2.28944 2.4747 2.61878 2.79138 2.91938 3.07157 3.17792 3.30443 3.38306 3.4786 3.52561 3.58606 3.59878 3.62378 3.60174 3.59107 3.53746 3.4949 3.41362 3.3447 3.24312 3.15513 3.04094 2.94391 2.82575 2.72938 2.6169 2.53058 2.4334 2.36702 2.29311 2.25519 2.21086 2.20741 2.19713 2.22975 2.25453 2.32164 2.3764 2.47093 2.54671 2.65509 2.73885 2.84219
-0.226857 -0.177153 -0.056804 -0.00325393 0.128749 0.21241 0.36703 0.47881 0.652757 0.78725 0.977049 1.12858 1.33113 1.49456 1.70665 1.87713 2.09546 2.26711 2.4854 2.65409 2.86465 3.02433 3.21949 3.3626 3.53619 3.6549 3.79923 3.88735 3.99682 4.04875 4.11972 4.13275 4.16218 4.13562 4.12574 4.06072 4.01482 3.91712 3.84196 3.71854 3.62322 3.4846 3.37835 3.23593 3.13019 2.99527 2.90153 2.78534 2.71382 2.62745 2.5872 2.53992 2.53779 2.53507 2.57504 2.6178 2.69746 2.78223 2.89398 3.00914 3.13984 3.26595 3.39666
-0.148779 -0.0829477 0.035924 0.106868 0.244826 0.342049 0.510534 0.632626 0.82686 0.97002 1.18427 1.34489 1.57418 1.74933 1.98865 2.17493 2.41802 2.61092 2.85263 3.04381 3.27814 3.4593 3.67851 3.84141 4.03618 4.17267 4.33569 4.43774 4.56169 4.6236 4.70304 4.72026 4.75399 4.72571 4.71279 4.64241 4.58726 4.47987 4.38933 4.25464 4.1386 3.98694 3.85883 3.7027 3.57513 3.42795 3.31421 3.18904 3.10272 3.01127 2.96462 2.9168 2.9191 2.92258 2.97829 3.0352 3.14419 3.24958 3.40346 3.54618 3.72743 3.88929 4.0718
-0.0616936 0.000907433 0.143569 0.213155 0.372351 0.475766 0.662292 0.798188 1.00665 1.17046 1.39663 1.58361 1.82426 2.02934 2.28163 2.49873 2.75944 2.98137 3.24353 3.46413 3.71904 3.92971 4.16819 4.35909 4.57219 4.73345 4.91104 5.03403 5.16847 5.24546 5.331 5.35819 5.39017 5.36579 5.34617 5.27128 5.20375 5.08491 4.9782 4.82428 4.69032 4.51552 4.36721 4.18659 4.04025 3.86921 3.74026 3.59443 3.49735 3.3922 3.34047 3.28961 3.29438 3.30719 3.3753 3.45599 3.58651 3.73213 3.91691 4.11339 4.3353 4.55695 4.7893
0.0163335 0.0990104 0.237283 0.330879 0.490434 0.615927 0.810528 0.965137 1.19023 1.36898 1.62001 1.81888 2.09156 2.30761 2.59659 2.8265 3.12446 3.36314 3.66316 3.90154 4.19498 4.4235 4.69966 4.90762 5.15495 5.33118 5.53973 5.67377 5.83358 5.91755 6.02129 6.04817 6.09337 6.06122 6.04615 5.95805 5.88737 5.74932 5.63106 5.45535 5.30227 5.10274 4.93272 4.72714 4.55726 4.36433 4.2131 4.05055 3.93653 3.82119 3.76189 3.70905 3.71887 3.74109 3.8293 3.93173 4.10093 4.28032 4.52185 4.76494 5.05702 5.33942 5.6466
0.10382 0.182001 0.348525 0.437095 0.625201 0.751266 0.972644 1.13575 1.38342 1.57996 1.84898 2.07545 2.36241 2.61422 2.9161 3.18673 3.49971 3.78082 4.09713 4.38008 4.68998 4.96282 5.25533 5.50522 5.76811 5.98247 6.20276 6.36993 6.53746 6.64715 6.75373 6.80037 6.83912 6.81951 6.79152 6.70617 6.61485 6.47082 6.32639 6.13438 5.95181 5.73004 5.52707 5.29575 5.09549 4.87608 4.69965 4.51365 4.38126 4.25007 4.18137 4.12499 4.13756 4.17166 4.27752 4.41179 4.61393 4.84759 5.1386 5.45625 5.81508 6.18375 6.57382
0.179185 0.280274 0.440577 0.55907 0.742933 0.899381 1.12318 1.31412 1.57357 1.7934 2.08523 2.32972 2.65063 2.9167 3.26143 3.54535 3.90609 4.20165 4.56975 4.86672 5.23045 5.51771 5.86262 6.12669 6.438 6.66423 6.92879 7.10398 7.30867 7.4226 7.55783 7.60064 7.66193 7.62993 7.61424 7.50953 7.42111 7.24973 7.09786 6.87407 6.67416 6.41542 6.19017 5.92089 5.69394 5.4407 5.23824 5.0255 4.8726 4.7241 4.64556 4.58431 4.60241 4.64837 4.78003 4.94472 5.19792 5.4824 5.8505 6.24089 6.69855 7.16368 7.66422
0.263818 0.359776 0.552228 0.662676 0.882074 1.0341 1.29311 1.48744 1.77809 2.01207 2.32953 2.60074 2.94172 3.24634 3.60747 3.93899 4.31536 4.6647 5.04704 5.40306 5.77987 6.12686 6.48472 6.80572 7.12896 7.408 7.68061 7.90268 8.11189 8.2639 8.39884 8.47241 8.52348 8.51308 8.47953 8.38453 8.26879 8.09657 7.90969 7.67308 7.43265 7.15324 6.88167 6.58506 6.31381 6.03027 5.78968 5.54938 5.36757 5.19985 5.105 5.03906 5.05799 5.11931 5.27295 5.47998 5.77927 6.13702 6.57845 7.07281 7.6329 8.22407 8.85477
0.33451 0.455593 0.640215 0.786067 0.997006 1.18727 1.44362 1.67405 1.97223 2.23751 2.57527 2.87185 3.24674 3.57158 3.97881 4.32751 4.75906 5.12383 5.56941 5.9381 6.38264 6.74119 7.16623 7.49779 7.88427 8.17165 8.50349 8.7309 8.99163 9.14539 9.32181 9.38865 9.47325 9.44669 9.43378 9.31393 9.20695 8.99948 8.80874 8.52978 8.27438 7.94525 7.6521 7.30337 7.00239 6.67014 6.39857 6.11792 5.91076 5.71508 5.60703 5.53013 5.55496 5.62794 5.81447 6.06019 6.42649 6.85506 7.40108 8.00215 8.702 9.43917 10.2344
0.414505 0.529929 0.749887 0.884637 1.13772 1.31903 1.61786 1.84768 2.18418 2.46091 2.8313 3.15336 3.55511 3.91938 4.34896 4.74914 5.20027 5.62669 6.08794 6.52686 6.98354 7.41529 7.85021 8.2536 8.64831 9.00491 9.34207 9.63295 9.89662 10.1039 10.2784 10.3901 10.4614 10.4678 10.4324 10.3302 10.1889 9.98541 9.74971 9.46033 9.15103 8.8024 8.44774 8.071 7.70992 7.34331 7.017 6.70337 6.45258 6.23285 6.0975 6.01354 6.03366 6.1253 6.33584 6.63584 7.06176 7.58739 8.23568 8.97979 9.82998 10.7493 11.7434
0.479085 0.621904 0.831822 1.00667 1.24748 1.47351 1.76588 2.03796 2.37937 2.69346 3.08266 3.43655 3.87188 4.26304 4.74013 5.16358 5.67427 6.12 6.65267 7.10593 7.6405 8.08329 8.59787 9.01074 9.48468 9.84822 10.2621 10.5573 10.89 11.0986 11.331 11.4344 11.5535 11.5405 11.5363 11.4038 11.2777 11.0303 10.794 10.4498 10.1262 9.71167 9.33422 8.88781 8.49407 8.06087 7.69799 7.32611 7.04353 6.78043 6.62679 6.52113 6.54607 6.64508 6.89502 7.23959 7.75036 8.36806 9.15477 10.0477 11.0917 12.2255 13.4609
0.552872 0.689424 0.936656 1.09817 1.38607 1.59997 1.93958 2.20907 2.59325 2.91786 3.34451 3.72374 4.19145 4.62288 5.12841 5.60563 6.14138 6.654 7.20529 7.73612 8.2846 8.8106 9.33617 9.83523 10.3188 10.7691 11.1896 11.5672 11.9033 12.1844 12.4146 12.58 12.6841 12.7177 12.6871 12.5817 12.4142 12.1759 11.8836 11.5305 11.1377 10.7021 10.2442 9.76589 9.29224 8.81934 8.38174 7.96966 7.62403 7.32978 7.13276 7.01523 7.02472 7.14326 7.41461 7.82402 8.40541 9.14573 10.0663 11.1494 12.4045 13.7951 15.3265
0.609173 0.774122 1.01097 1.21507 1.48858 1.75063 2.08226 2.39714 2.78556 3.15098 3.59643 4.01173 4.51365 4.97714 5.53143 6.03795 6.6359 7.17277 7.80065 8.34895 8.98327 9.52304 10.141 10.6525 11.2309 11.692 12.2067 12.5927 13.017 13.3021 13.6092 13.7669 13.9353 13.9479 13.9607 13.8202 13.6752 13.3843 13.0934 12.6724 12.2632 11.7443 11.2583 10.6897 10.1754 9.61428 9.13131 8.63954 8.25236 7.89512 7.67095 7.51623 7.52496 7.64126 7.95356 8.40847 9.08861 9.94006 11.033 12.3125 13.8244 15.5185 17.3941
0.67373 0.833658 1.10674 1.29783 1.61985 1.86921 2.24967 2.56162 2.99495 3.37082 3.85678 4.29763 4.83616 5.3404 5.92875 6.48974 7.11905 7.72479 8.37648 9.00673 9.65983 10.2914 10.9271 11.5358 12.1323 12.6941 13.2251 13.7096 14.1463 14.521 14.8327 15.0688 15.2259 15.298 15.2851 15.179 14.9891 14.7087 14.3539 13.9197 13.4284 12.8797 12.2962 11.6832 11.0692 10.4538 9.87578 9.32862 8.85951 8.45569 8.17224 7.99125 7.97274 8.09842 8.42698 8.94481 9.70396 10.6916 11.9515 13.4605 15.2567 17.2892 19.5973
0.720907 0.906927 1.17188 1.40467 1.71259 2.01038 2.38281 2.74113 3.1785 3.59722 4.10175 4.58196 5.15441 5.69549 6.33214 6.92878 7.61997 8.25666 8.98537 9.64068 10.384 11.0383 11.7737 12.4064 13.1093 13.6943 14.3337 14.8396 15.3797 15.7709 16.175 16.414 16.6475 16.7053 16.7431 16.6038 16.4371 16.101 15.7413 15.2309 14.7114 14.0661 13.4385 12.7187 12.0448 11.3229 10.679 10.0346 9.50302 9.02107 8.68877 8.45838 8.41835 8.53318 8.88579 9.44845 10.2984 11.4144 12.8568 14.6126 16.7119 19.1612 21.922
0.773427 0.956383 1.25485 1.47602 1.83138 2.11699 2.53778 2.8933 3.37614 3.80514 4.35194 4.85731 5.46951 6.05074 6.72626 7.3763 8.10479 8.80972 9.56923 10.3084 11.0804 11.831 12.5969 13.3355 14.0699 14.7676 15.4387 16.0579 16.6272 17.1235 17.5468 17.8766 18.1108 18.2359 18.2524 18.149 17.9365 17.6053 17.1761 16.6407 16.0285 15.3373 14.5976 13.8139 13.0233 12.2258 11.4689 10.7469 10.1165 9.56522 9.15744 8.87741 8.79538 8.89634 9.25305 9.8576 10.7832 12.0233 13.6502 15.6478 18.0976 20.9476 24.2814
0.808863 1.01513 1.30782 1.56806 1.9106 2.24269 2.65611 3.05699 3.54402 4.01596 4.5811 5.12717 5.77276 6.39361 7.1164 7.80633 8.59534 9.33668 10.1737 10.9453 11.8103 12.596 13.4669 14.2447 15.0947 15.8333 16.6263 17.2856 17.9737 18.5046 19.0331 19.3786 19.6971 19.8139 19.8838 19.748 19.5551 19.1644 18.7207 18.1009 17.4462 16.646 15.844 14.938 14.067 13.1456 12.3012 11.4635 10.748 10.0993 9.6201 9.27086 9.14271 9.21227 9.56605 10.1952 11.1836 12.5387 14.3304 16.5883 19.3503 22.685 26.5797
0.846109 1.05229 1.37356 1.62527 2.01088 2.33312 2.79126 3.19103 3.72084 4.20425 4.81001 5.38195 6.06689 6.72809 7.49088 8.23378 9.06238 9.87193 10.7448 11.6025 12.5048 13.3913 14.3057 15.1969 16.0955 16.959 17.803 18.5904 19.3256 19.9728 20.5336 20.9781 21.3039 21.492 21.5439 21.4425 21.2031 20.8106 20.292 19.6354 18.8787 18.0164 17.0895 16.1006 15.0976 14.0797 13.105 12.1679 11.335 10.5941 10.0196 9.59498 9.40301 9.4274 9.75909 10.3907 11.4243 12.8583 14.8088 17.2654 20.3691 24.1136 28.6666
0.868217 1.09301 1.41132 1.69792 2.07207 2.43732 2.8886 3.33131 3.86493 4.38991 5.01285 5.62531 6.3417 7.04372 7.85093 8.63654 9.52219 10.3727 11.3211 12.2199 13.2156 14.1499 15.1717 16.1198 17.1404 18.0667 19.0415 19.8904 20.7494 21.4478 22.1159 22.5884 22.9995 23.1884 23.2905 23.1625 22.9348 22.4839 21.9388 21.1945 20.3788 19.4007 18.3917 17.2708 16.1649 15.0114 13.9252 12.859 11.9157 11.0627 10.3883 9.87745 9.60515 9.57558 9.85932 10.4825 11.5167 13.0202 15.0555 17.7147 21.0476 25.2298 30.3429
0.886641 1.11493 1.45635 1.73648 2.14934 2.50533 2.99807 3.4389 4.01335 4.5477 5.21063 5.84559 6.60217 7.33981 8.18959 9.022 9.95149 10.8648 11.8567 12.8378 13.882 14.9152 15.9974 17.0598 18.1515 19.2054 20.2528 21.2279 22.1533 22.9641 23.6824 24.2494 24.6826 24.9365 25.0322 24.9294 24.6625 24.1973 23.5801 22.783 21.8643 20.8048 19.6671 18.4405 17.1976 15.9219 14.6994 13.5063 12.4385 11.463 10.684 10.0627 9.71173 9.59167 9.82764 10.3877 11.4203 12.9053 15.0212 17.7459 21.3022 25.7459 31.3781
0.892431 1.13638 1.4734 1.78699 2.18619 2.58349 3.0668 3.54906 4.124 4.69899 5.37487 6.05018 6.8329 7.61217 8.49973 9.3772 10.3569 11.3152 12.3771 13.4066 14.5404 15.6332 16.8215 17.9582 19.1723 20.3061 21.4806 22.5321 23.5763 24.4535 25.2743 25.883 26.3965 26.6623 26.8018 26.6796 26.4163 25.8957 25.2413 24.3558 23.3652 22.1859 20.9508 19.5865 18.2225 16.8047 15.4503 14.1209 12.9195 11.8226 10.9175 10.1965 9.73168 9.53534 9.67181 10.1816 11.1305 12.6031 14.6659 17.4483 21.0289 25.6426 31.5155
