MatLab_Code/img_model_res.grd
DSAA
101 101
-2500 2500
-2500 2500
-6.53759 2.42116
[rows 29 to 57 of 101, columns 0 to 66 of 101]
2.0617 2.1093 2.09786 2.12891 2.1117 2.12582 2.09225 2.09685 2.04982 2.04667 1.98787 1.97975 1.91418 1.90776 1.84747 1.85628 1.81828 1.85791 1.8425 1.90671 1.90276 1.9699 1.95664 2.00174 1.96407 1.98818 1.93181 1.94067 1.8729 1.86971 1.7933 1.78394 1.69895 1.68296 1.594 1.56967 1.47697 1.44563 1.34914 1.31012 1.20794 1.1629 1.05303 0.998821 0.884164 0.817631 0.695971 0.615414 0.485843 0.3885 0.249947 0.133352 -0.0153621 -0.152434 -0.312245 -0.47034 -0.639978 -0.818471 -0.98872 -1.14799 -1.22438 -1.21938 -1.17352 -1.14372 -1.14426 -1.13119 -1.09388
2.07591 2.13694 2.10099 2.15742 2.10913 2.14877 2.09025 2.1137 2.04962 2.05793 1.9901 1.98656 1.91966 1.91333 1.85809 1.86633 1.84056 1.87279 1.8792 1.92588 1.94668 1.9889 1.99427 2.01097 1.99435 1.98781 1.95694 1.93503 1.89354 1.86167 1.81363 1.77096 1.72021 1.67019 1.61374 1.55951 1.49746 1.43778 1.36967 1.30433 1.23096 1.1566 1.07811 0.995498 0.906303 0.815556 0.714396 0.613453 0.497208 0.384844 0.250201 0.125051 -0.0306515 -0.170474 -0.348314 -0.503216 -0.70431 -0.873604 -1.09423 -1.26088 -1.41515 -1.45428 -1.47391 -1.47181 -1.50708 -1.51371 -1.50453
2.10042 2.14314 2.13078 2.15647 2.13665 2.14802 2.11206 2.11501 2.0658 2.06139 2.001 1.99236 1.92698 1.92235 1.86708 1.88271 1.8543 1.90201 1.89563 1.96422 1.96306 2.02366 2.00298 2.03667 1.99285 2.0082 1.9485 1.95095 1.88201 1.8745 1.79818 1.78663 1.70242 1.68566 1.59813 1.57362 1.48294 1.45157 1.35731 1.3182 1.21778 1.17255 1.06331 1.00847 0.893085 0.824821 0.700349 0.616152 0.481063 0.376763 0.229198 0.100569 -0.0616727 -0.218025 -0.397428 -0.583602 -0.780316 -0.998415 -1.21243 -1.44911 -1.64014 -1.76981 -1.84508 -1.9041 -1.97761 -2.02886 -2.04325
2.11368 2.17022 2.13373 2.18295 2.13556 2.16843 2.11217 2.12955 2.06773 2.07076 2.00513 1.99777 1.93391 1.92702 1.87821 1.89215 1.87515 1.91404 1.92735 1.97719 1.99684 2.03296 2.02855 2.03837 2.01358 2.00313 1.96623 1.94281 1.8971 1.86545 1.81502 1.77348 1.72174 1.67366 1.61684 1.56536 1.5029 1.44646 1.3777 1.31553 1.24129 1.16942 1.08964 1.00847 0.916844 0.826032 0.720773 0.617378 0.494281 0.376089 0.230084 0.0943053 -0.0797551 -0.237097 -0.443097 -0.625661 -0.867944 -1.07779 -1.35829 -1.59999 -1.88829 -2.09151 -2.26638 -2.36894 -2.51442 -2.60898 -2.68454
2.13733 2.17556 2.16208 2.18264 2.16084 2.16913 2.13194 2.13236 2.08237 2.07549 2.01506 2.0044 1.94076 1.9361 1.88735 1.90672 1.88755 1.93846 1.93968 2.00679 2.00614 2.05539 2.03133 2.05357 2.00879 2.01511 1.95662 1.95208 1.88601 1.87334 1.80088 1.78577 1.70614 1.68664 1.60438 1.57734 1.49238 1.45857 1.36997 1.32842 1.23305 1.18526 1.08001 1.02195 0.909412 0.836615 0.713017 0.622292 0.485001 0.370945 0.216446 0.0725706 -0.103292 -0.283532 -0.486597 -0.709539 -0.944584 -1.21689 -1.48915 -1.8139 -2.12475 -2.44639 -2.70815 -2.92863 -3.13385 -3.3102 -3.45914
2.14936 2.20248 2.16367 2.20755 2.15988 2.18782 2.13277 2.14545 2.08514 2.08383 2.01989 2.00926 1.94794 1.94045 1.89752 1.91504 1.90481 1.94713 1.96445 2.01374 2.02963 2.05847 2.0471 2.05146 2.02179 2.00811 1.96832 1.94341 1.89658 1.86466 1.81468 1.77364 1.72331 1.67649 1.62155 1.57171 1.51148 1.45647 1.39022 1.32895 1.2574 1.18554 1.10826 1.02617 0.935896 0.843006 0.737356 0.629764 0.503808 0.377538 0.224931 0.0752944 -0.112093 -0.291451 -0.522014 -0.739181 -1.02236 -1.28544 -1.62952 -1.94962 -2.3542 -2.73656 -3.13377 -3.45556 -3.77017 -4.03218 -4.2783
2.17339 2.20458 2.19148 2.20645 2.18345 2.18904 2.15072 2.14936 2.09809 2.08991 2.02838 2.01717 1.95359 1.95035 1.90496 1.92836 1.91351 1.96727 1.97053 2.03599 2.03134 2.07312 2.04433 2.06076 2.01323 2.01593 1.9562 1.95006 1.88384 1.87132 1.79939 1.78576 1.70727 1.68998 1.6091 1.58499 1.50107 1.47095 1.38281 1.34544 1.24968 1.20634 1.09963 1.04573 0.930738 0.861032 0.73346 0.64416 0.500263 0.385252 0.219561 0.0703521 -0.123174 -0.316437 -0.546802 -0.795031 -1.07289 -1.38803 -1.7256 -2.11794 -2.53107 -2.99508 -3.46729 -3.93138 -4.36943 -4.74784 -5.11371
2.1819 2.23055 2.19166 2.22868 2.18326 2.20484 2.15303 2.15977 2.10275 2.09588 2.03529 2.01986 1.96269 1.95237 1.91583 1.9327 1.9288 1.96953 1.99055 2.0347 2.04847 2.06923 2.05519 2.05357 2.023 2.00502 1.96607 1.93819 1.8938 1.85997 1.81364 1.77146 1.72551 1.67816 1.62818 1.57781 1.52325 1.46732 1.40721 1.3446 1.27945 1.20566 1.13479 1.05016 0.965514 0.869453 0.768097 0.656073 0.532449 0.399134 0.246058 0.0852862 -0.107628 -0.304369 -0.548782 -0.793183 -1.10246 -1.40874 -1.79628 -2.18064 -2.6554 -3.13269 -3.68298 -4.22116 -4.76838 -5.26439 -5.72754
2.20458 2.23013 2.21719 2.2275 2.20423 2.20663 2.16896 2.16439 2.11427 2.10284 2.0428 2.02868 1.96731 1.96266 1.92121 1.94446 1.93323 1.98563 1.99031 2.05084 2.04382 2.07837 2.0481 2.05869 2.01128 2.00992 1.95158 1.94311 1.87926 1.86578 1.79698 1.78345 1.70862 1.69213 1.61506 1.59254 1.51217 1.48439 1.39952 1.36493 1.27203 1.23174 1.12741 1.07653 0.963424 0.896111 0.769772 0.681832 0.53793 0.42279 0.254847 0.102905 -0.0964153 -0.29687 -0.538442 -0.800666 -1.09859 -1.43709 -1.80805 -2.23542 -2.69509 -3.21421 -3.76245 -4.34605 -4.91812 -5.46372 -5.9433
2.21032 2.25372 2.21635 2.24671 2.20418 2.22012 2.1714 2.17343 2.11919 2.10818 2.05014 2.03106 1.97682 1.96375 1.93134 1.94601 1.94577 1.98272 2.0054 2.04343 2.05569 2.0698 2.05461 2.04806 2.01776 1.99631 1.95914 1.92897 1.8877 1.85263 1.8104 1.7677 1.72655 1.67926 1.6346 1.58453 1.53585 1.48025 1.4263 1.36413 1.30535 1.23193 1.16774 1.08313 1.00526 0.908939 0.814097 0.701511 0.583586 0.449233 0.300537 0.13774 -0.0526609 -0.253227 -0.497994 -0.749084 -1.06206 -1.37946 -1.7739 -2.17367 -2.6568 -3.146 -3.70595 -4.25254 -4.82526 -5.32943 -5.77785
2.23092 2.25162 2.23883 2.24542 2.22237 2.22184 2.18561 2.17796 2.12996 2.11524 2.05767 2.04013 1.98141 1.97389 1.9355 1.95612 1.9466 1.9953 1.99984 2.05481 2.04616 2.07467 2.04397 2.04969 2.00323 1.99854 1.94232 1.93202 1.87129 1.8571 1.79221 1.77894 1.70858 1.69288 1.62083 1.59962 1.52445 1.49852 1.41914 1.38671 1.29944 1.26171 1.16295 1.11514 1.00758 0.943558 0.822985 0.738434 0.600568 0.488883 0.327465 0.179128 -0.0134825 -0.209921 -0.444146 -0.70128 -0.990689 -1.32072 -1.67993 -2.09116 -2.52911 -3.01626 -3.51828 -4.04373 -4.53928 -4.99167 -5.33677
2.23436 2.2722 2.23699 2.26145 2.22183 2.23318 2.18745 2.18595 2.13447 2.1206 2.06486 2.04321 1.99079 1.97523 1.94453 1.95603 1.95648 1.98846 2.01057 2.04264 2.05353 2.06234 2.04646 2.0361 2.00637 1.9824 1.94716 1.91565 1.87744 1.84214 1.80386 1.76164 1.72508 1.67918 1.63934 1.59129 1.54794 1.49472 1.44641 1.38708 1.33438 1.26408 1.20656 1.12533 1.05465 0.962356 0.875364 0.767543 0.658207 0.530124 0.391225 0.236195 0.0579851 -0.132207 -0.361025 -0.597346 -0.88755 -1.18254 -1.54196 -1.90481 -2.33216 -2.75748 -3.22858 -3.67118 -4.11241 -4.4634 -4.72636
2.25237 2.26863 2.25598 2.25964 2.2371 2.23429 2.19978 2.19001 2.14445 2.12754 2.07268 2.05239 1.99612 1.9852 1.94848 1.96462 1.95481 1.99794 2.00082 2.04992 2.03988 2.06344 2.03246 2.03444 1.98881 1.98185 1.92761 1.91638 1.85873 1.84458 1.78363 1.77133 1.70569 1.69123 1.62494 1.60533 1.53644 1.51271 1.4402 1.41044 1.33048 1.29613 1.20503 1.16143 1.0623 1.00338 0.892169 0.814158 0.687199 0.583988 0.435883 0.299333 0.123535 -0.055898 -0.2676 -0.499282 -0.756827 -1.04763 -1.35918 -1.70939 -2.07336 -2.4673 -2.85692 -3.24818 -3.59011 -3.874 -4.03026
2.25337 2.28549 2.25321 2.27197 2.23579 2.24295 2.20089 2.1964 2.14858 2.13253 2.07992 2.05619 2.00565 1.98731 1.95674 1.96377 1.96245 1.98825 2.00768 2.03386 2.04318 2.04753 2.03115 2.0175 1.98853 1.96261 1.92926 1.89725 1.86179 1.82732 1.79256 1.75203 1.71955 1.6766 1.64093 1.59682 1.5582 1.50951 1.46639 1.41233 1.36545 1.30104 1.25024 1.17576 1.11264 1.0284 0.950462 0.852397 0.754253 0.63875 0.514375 0.375842 0.217693 0.0500703 -0.149951 -0.354244 -0.602097 -0.849943 -1.14661 -1.43869 -1.77419 -2.09489 -2.43747 -2.73731 -3.01733 -3.20438 -3.30293
2.26815 2.28065 2.26795 2.26948 2.24748 2.24325 2.21062 2.19984 2.15707 2.13933 2.0876 2.06569 2.01178 1.99739 1.96106 1.97117 1.95941 1.99491 1.99496 2.03713 2.02606 2.04473 2.0137 2.01222 1.96752 1.95849 1.90667 1.8944 1.84061 1.82621 1.77013 1.75855 1.69866 1.6853 1.62596 1.60798 1.54669 1.52545 1.46128 1.43474 1.36377 1.3336 1.25216 1.21386 1.12564 1.07346 0.974698 0.905759 0.79375 0.702957 0.573613 0.4549 0.303527 0.150315 -0.0284476 -0.221179 -0.432596 -0.666177 -0.91158 -1.17943 -1.4494 -1.72994 -1.9934 -2.24135 -2.43412 -2.56682 -2.58927
2.26662 2.29304 2.26419 2.27752 2.24517 2.24852 2.21072 2.20381 2.16053 2.14316 2.09479 2.06978 2.02165 2.00033 1.96887 1.97027 1.96514 1.98355 1.99813 2.01811 2.02503 2.02531 2.00813 1.9915 1.96304 1.93574 1.90382 1.87229 1.83892 1.80644 1.77457 1.73699 1.70811 1.66948 1.6377 1.59907 1.56506 1.52267 1.48478 1.43797 1.39715 1.34086 1.29719 1.23202 1.17715 1.10394 1.03623 0.951542 0.866583 0.768008 0.661433 0.545065 0.411954 0.27411 0.110212 -0.0531663 -0.249195 -0.439548 -0.663523 -0.875399 -1.11265 -1.32648 -1.54573 -1.7178 -1.86339 -1.92557 -1.91686
2.27771 2.28711 2.27394 2.27425 2.25257 2.24778 2.2169 2.20623 2.16648 2.14934 2.10134 2.07936 2.02808 2.01061 1.97359 1.97677 1.96141 1.98769 1.98329 2.01725 2.00463 2.01805 1.98686 1.98173 1.93809 1.92671 1.87783 1.86411 1.81492 1.79989 1.74949 1.7384 1.68517 1.67293 1.62157 1.60544 1.55308 1.53467 1.48044 1.45761 1.39738 1.37205 1.30218 1.26999 1.1948 1.15039 1.06656 1.00803 0.913871 0.83757 0.730379 0.632444 0.509558 0.386554 0.245241 0.0961902 -0.0648402 -0.237297 -0.414516 -0.600286 -0.781004 -0.958401 -1.11435 -1.24702 -1.33067 -1.36163 -1.30956
2.27382 2.29444 2.2693 2.27739 2.24905 2.24884 2.21556 2.20669 2.16855 2.15075 2.10766 2.08258 2.03784 2.01384 1.98099 1.97589 1.96551 1.97514 1.98296 1.99549 1.99874 1.99485 1.97608 1.95675 1.92805 1.89998 1.86879 1.83847 1.80659 1.77688 1.74748 1.71372 1.68823 1.65494 1.62716 1.59531 1.56612 1.53169 1.49935 1.46164 1.4273 1.3811 1.34508 1.29121 1.24518 1.1851 1.12821 1.05918 0.988144 0.908924 0.821346 0.729447 0.622864 0.516867 0.390385 0.268975 0.124629 -0.00994351 -0.165444 -0.304901 -0.456526 -0.582379 -0.704539 -0.783622 -0.838216 -0.827442 -0.766817
2.28102 2.28775 2.27359 2.27325 2.25153 2.24662 2.21727 2.20726 2.17063 2.15509 2.11151 2.091 2.04329 2.02378 1.98567 1.98141 1.96118 1.97695 1.96628 1.99025 1.97483 1.98211 1.95066 1.94096 1.89874 1.88423 1.83875 1.82301 1.77883 1.76281 1.71853 1.70781 1.66188 1.65095 1.60845 1.59463 1.55251 1.53753 1.49483 1.47645 1.42866 1.40892 1.35229 1.32693 1.26637 1.23027 1.16294 1.1152 1.04029 0.978839 0.894603 0.817833 0.723502 0.630494 0.525388 0.418048 0.303452 0.186405 0.0681939 -0.0480912 -0.15753 -0.255043 -0.33376 -0.387344 -0.404644 -0.380458 -0.301969
2.27499 2.28973 2.26805 2.27115 2.2465 2.24283 2.21378 2.2031 2.1701 2.15236 2.11523 2.09137 2.05147 2.02608 1.992 1.98014 1.96356 1.96326 1.96261 1.96569 1.96334 1.95479 1.93328 1.91127 1.8814 1.8528 1.82166 1.79269 1.76184 1.73501 1.70785 1.67818 1.65619 1.62881 1.60556 1.58146 1.55796 1.5328 1.50708 1.47993 1.45325 1.41854 1.39129 1.34989 1.31358 1.2675 1.22209 1.16902 1.11242 1.05195 0.983559 0.914699 0.833709 0.757124 0.665014 0.581059 0.482166 0.394071 0.295653 0.211944 0.126495 0.0623009 0.00778954 -0.0146055 -0.0155017 0.0270283 0.102666
2.27783 2.28234 2.26661 2.26596 2.24373 2.23864 2.21028 2.20081 2.16692 2.15308 2.11414 2.0961 2.05347 2.03379 1.99542 1.9838 1.95824 1.96251 1.94414 1.95593 1.93573 1.9355 1.90314 1.88787 1.84694 1.82854 1.78635 1.7679 1.7286 1.71099 1.67289 1.66218 1.62401 1.61446 1.58176 1.57089 1.54033 1.52992 1.50036 1.48777 1.45406 1.44117 1.39921 1.38157 1.33676 1.30941 1.25895 1.22219 1.16594 1.11892 1.05611 0.999067 0.930677 0.864054 0.790731 0.718173 0.64205 0.569425 0.496475 0.432527 0.373305 0.330617 0.300394 0.293913 0.309945 0.356442 0.432623
2.2695 2.27822 2.26075 2.25806 2.23735 2.22929 2.2043 2.1909 2.16263 2.14431 2.11292 2.09059 2.05669 2.03225 1.99852 1.98088 1.95776 1.94737 1.93669 1.92892 1.91807 1.90387 1.87746 1.85308 1.82031 1.79168 1.75885 1.73169 1.69998 1.67663 1.64993 1.62538 1.60551 1.58569 1.56632 1.55218 1.53453 1.5212 1.5028 1.48892 1.47071 1.45005 1.432 1.40531 1.37848 1.34787 1.31325 1.27647 1.23334 1.19024 1.13864 1.09115 1.03165 0.980573 0.916233 0.863032 0.798644 0.747321 0.689937 0.646476 0.605442 0.580937 0.566745 0.575172 0.599 0.649724 0.718551
2.2673 2.27103 2.2531 2.25244 2.2288 2.22322 2.19487 2.18521 2.15297 2.13986 2.1046 2.08841 2.05127 2.03293 1.99745 1.97994 1.95005 1.94251 1.9162 1.91392 1.88697 1.8764 1.84236 1.82004 1.78031 1.75655 1.71737 1.69449 1.65966 1.63867 1.60658 1.5945 1.56457 1.5558 1.53419 1.52668 1.50976 1.50524 1.49135 1.48631 1.46918 1.46475 1.43955 1.43051 1.40282 1.38434 1.35093 1.32442 1.28569 1.25148 1.20831 1.1671 1.12122 1.07511 1.02798 0.980807 0.935663 0.893254 0.853478 0.823502 0.797422 0.787673 0.78455 0.80162 0.830322 0.880171 0.942874
2.25769 2.26157 2.24675 2.23946 2.22053 2.20884 2.18559 2.16969 2.14366 2.1244 2.09614 2.07473 2.04489 2.02259 1.9912 1.97142 1.94313 1.9241 1.90302 1.88406 1.86213 1.84003 1.8071 1.77952 1.74291 1.71316 1.6774 1.65032 1.61632 1.59454 1.56719 1.54623 1.52829 1.51543 1.50108 1.49745 1.48808 1.48808 1.48034 1.48154 1.47542 1.47021 1.46457 1.4531 1.438 1.42216 1.39951 1.37703 1.34676 1.31887 1.28203 1.25144 1.21012 1.17801 1.13579 1.10476 1.06589 1.03856 1.00957 0.990878 0.977949 0.974526 0.983906 1.00307 1.03778 1.08214 1.14086
2.25204 2.25396 2.23435 2.23255 2.20722 2.20028 2.17084 2.16005 2.12762 2.11396 2.07976 2.06376 2.02902 2.01139 1.97847 1.95883 1.92688 1.91081 1.87684 1.86193 1.82603 1.80418 1.76594 1.73665 1.69587 1.66656 1.6272 1.59905 1.56492 1.5396 1.50982 1.49614 1.4716 1.46489 1.45297 1.45187 1.44888 1.45488 1.45796 1.46597 1.46669 1.4761 1.46797 1.47203 1.46042 1.45401 1.4351 1.42067 1.39557 1.37387 1.3454 1.318 1.28819 1.25896 1.23016 1.20226 1.17697 1.15591 1.13647 1.12759 1.12004 1.12802 1.13699 1.16514 1.19251 1.24093 1.28538
2.2412 2.23988 2.2276 2.21468 2.19753 2.18079 2.15894 2.13872 2.11404 2.09144 2.06463 2.04095 2.01259 1.98885 1.95819 1.93642 1.90565 1.88071 1.85219 1.82368 1.79171 1.76119 1.72126 1.6896 1.64789 1.61498 1.5738 1.54376 1.50419 1.48062 1.44945 1.4293 1.4114 1.40438 1.39537 1.40357 1.40507 1.42174 1.4289 1.44938 1.45998 1.47394 1.48451 1.49064 1.48935 1.48907 1.47866 1.46961 1.4508 1.43586 1.4106 1.3925 1.36488 1.34693 1.32068 1.3047 1.28299 1.27051 1.25934 1.25398 1.2567 1.26251 1.28258 1.30223 1.33994 1.37324 1.42343
2.23197 2.23274 2.21015 2.20739 2.17921 2.17074 2.13878 2.1262 2.09182 2.07623 2.04074 2.02259 1.98706 1.96668 1.93305 1.90909 1.87512 1.85211 1.81346 1.78866 1.74715 1.71552 1.67442 1.63692 1.59409 1.55594 1.51379 1.47561 1.43862 1.40348 1.37241 1.35226 1.33095 1.32359 1.32208 1.32779 1.34284 1.36262 1.38911 1.41473 1.44019 1.46748 1.4821 1.50144 1.50969 1.51527 1.5126 1.50798 1.49691 1.4834 1.46747 1.4488 1.43231 1.41319 1.399 1.38264 1.37088 1.36146 1.35439 1.35589 1.3583 1.37277 1.38637 1.4146 1.43949 1.48064 1.51217
2.22109 2.21368 2.20382 2.18472 2.16889 2.14627 2.12517 2.09955 2.07513 2.04774 2.02063 1.99268 1.96324 1.93544 1.90233 1.87624 1.84126 1.81087 1.77628 1.74179 1.70301 1.66767 1.62093 1.58516 1.53536 1.49695 1.44522 1.40819 1.35623 1.32577 1.28353 1.25958 1.23609 1.23311 1.22756 1.25023 1.26504 1.30513 1.3326 1.38119 1.41436 1.45579 1.48673 1.51644 1.53045 1.54904 1.54995 1.55547 1.54524 1.54195 1.52405 1.51702 1.49659 1.49001 1.47214 1.46714 1.45456 1.45095 1.44836 1.45024 1.4589 1.46842 1.49002 1.50797 1.54122 1.56566 1.6065
2.20782 2.20763 2.18158 2.17753 2.14582 2.13537 2.10011 2.08505 2.04775 2.02918 1.99116 1.96933 1.93148 1.90643 1.87049 1.84043 1.80372 1.77351 1.73179 1.69902 1.65491 1.61474 1.57141 1.52364 1.47677 1.42512 1.37611 1.32062 1.27471 1.22049 1.18106 1.14549 1.12182 1.10828 1.11643 1.12925 1.16774 1.20724 1.26704 1.31874 1.37967 1.43224 1.47804 1.51704 1.55012 1.56868 1.5842 1.58825 1.59041 1.58312 1.57848 1.56467 1.55814 1.54353 1.53854 1.52748 1.52356 1.51958 1.51893 1.5241 1.53059 1.54537 1.55936 1.58343 1.60384 1.63578 1.65923
