MatLab_Code/img_model_for.grd
DSAA
101 101
-2500 2500
-2500 2500
-27.2993 108.981
[rows 56 to 83 of 101, columns 0 to 62 of 101]
-2.32765 -2.25682 -2.17833 -2.08514 -1.98953 -1.88123 -1.76837 -1.64475 -1.51596 -1.37774 -1.23326 -1.08138 -0.921451 -0.756724 -0.580407 -0.40521 -0.215796 -0.0265679 0.169935 0.367485 0.567818 0.759666 0.953372 1.12088 1.28045 1.3988 1.49186 1.52224 1.51004 1.40971 1.2465 0.984054 0.636321 0.182304 -0.352679 -0.993877 -1.69658 -2.4826 -3.30056 -4.16931 -5.03678 -5.91123 -6.75932 -7.5771 -8.33878 -9.0554 -9.69774 -10.2833 -10.7893 -11.2376 -11.6079 -11.9282 -12.1784 -12.3906 -12.5454 -12.6734 -12.7607 -12.8305 -12.8815 -12.9238 -12.9662 -13.0088 -13.0687
-2.43795 -2.38439 -2.30078 -2.23482 -2.1368 -2.05558 -1.9451 -1.85041 -1.72913 -1.62234 -1.49199 -1.37386 -1.23588 -1.10701 -0.963761 -0.823096 -0.672857 -0.5267 -0.367437 -0.216822 -0.056459 0.095658 0.242959 0.381911 0.501085 0.598893 0.659399 0.682419 0.642096 0.546763 0.364705 0.100052 -0.259457 -0.713052 -1.2697 -1.90607 -2.63344 -3.41444 -4.25345 -5.10582 -5.97224 -6.81906 -7.63323 -8.40213 -9.11652 -9.76036 -10.3403 -10.8454 -11.2849 -11.6527 -11.9636 -12.2099 -12.4126 -12.5621 -12.6819 -12.7626 -12.8236 -12.8639 -12.8933 -12.9203 -12.9463 -12.9838 -13.0292
-2.54276 -2.48488 -2.42886 -2.35225 -2.28224 -2.19586 -2.11376 -2.01901 -1.92745 -1.82667 -1.72755 -1.62315 -1.51783 -1.41138 -1.29889 -1.19233 -1.07476 -0.961703 -0.841772 -0.723597 -0.59848 -0.482364 -0.353712 -0.248708 -0.136089 -0.0584355 0.0105612 0.0242151 0.00852186 -0.0918541 -0.2488 -0.509628 -0.855721 -1.32202 -1.87247 -2.54428 -3.27667 -4.0998 -4.94313 -5.83235 -6.69641 -7.55162 -8.35004 -9.09908 -9.76291 -10.3688 -10.8804 -11.3319 -11.6964 -12.0085 -12.2463 -12.4441 -12.5823 -12.6937 -12.7614 -12.8128 -12.838 -12.8538 -12.8627 -12.8691 -12.8839 -12.9022 -12.9436
-2.63226 -2.59401 -2.52451 -2.47637 -2.39585 -2.3359 -2.24845 -2.17999 -2.08832 -2.0144 -1.92211 -1.84498 -1.75479 -1.67576 -1.59031 -1.5074 -1.42281 -1.33947 -1.24868 -1.1592 -1.06224 -0.959246 -0.860022 -0.747318 -0.648771 -0.545547 -0.472001 -0.411804 -0.411275 -0.450606 -0.584873 -0.80053 -1.13551 -1.57548 -2.15215 -2.82253 -3.61362 -4.46235 -5.38215 -6.30013 -7.22443 -8.09719 -8.91537 -9.65047 -10.3085 -10.8634 -11.3409 -11.7251 -12.0409 -12.282 -12.4711 -12.6033 -12.7002 -12.7564 -12.7911 -12.8012 -12.7994 -12.789 -12.7744 -12.7646 -12.7583 -12.7676 -12.7866
-2.71976 -2.66955 -2.62942 -2.56239 -2.50946 -2.43662 -2.37482 -2.29867 -2.23201 -2.15686 -2.08919 -2.01925 -1.9534 -1.89142 -1.82647 -1.77367 -1.70946 -1.65479 -1.58772 -1.52402 -1.44008 -1.36022 -1.24957 -1.14714 -1.01306 -0.89273 -0.754887 -0.653284 -0.561335 -0.550363 -0.59265 -0.760909 -1.03497 -1.47354 -2.03269 -2.76364 -3.58793 -4.53737 -5.51724 -6.54749 -7.53327 -8.48555 -9.34154 -10.1099 -10.7507 -11.3014 -11.7278 -12.0769 -12.3272 -12.5209 -12.6444 -12.7314 -12.7715 -12.7898 -12.7807 -12.7597 -12.7281 -12.6912 -12.6581 -12.6245 -12.6069 -12.5917 -12.6039
-2.78704 -2.75833 -2.69621 -2.65768 -2.58632 -2.53729 -2.46244 -2.40745 -2.33341 -2.27784 -2.21039 -2.15871 -2.10272 -2.05778 -2.01681 -1.97565 -1.94349 -1.90491 -1.86604 -1.81287 -1.75298 -1.66249 -1.56402 -1.41905 -1.26537 -1.06646 -0.870293 -0.648111 -0.469679 -0.308334 -0.257737 -0.302905 -0.519847 -0.892554 -1.47853 -2.22333 -3.1591 -4.19987 -5.34553 -6.49533 -7.63657 -8.69103 -9.641 -10.4537 -11.1335 -11.6624 -12.075 -12.3685 -12.5765 -12.705 -12.7811 -12.807 -12.805 -12.7744 -12.7306 -12.6745 -12.6141 -12.5542 -12.4958 -12.4477 -12.4054 -12.3818 -12.3668
-2.85641 -2.80782 -2.77571 -2.71051 -2.664 -2.59482 -2.53984 -2.47013 -2.41272 -2.34934 -2.29571 -2.24594 -2.20221 -2.17193 -2.13829 -2.12777 -2.10412 -2.09642 -2.06825 -2.04202 -1.97867 -1.90389 -1.76779 -1.60935 -1.37368 -1.10944 -0.772629 -0.431913 -0.0511619 0.256379 0.517157 0.609374 0.536823 0.206823 -0.34758 -1.18321 -2.21455 -3.44914 -4.77086 -6.15656 -7.488 -8.73301 -9.82128 -10.7366 -11.4533 -12.0069 -12.3882 -12.6516 -12.7991 -12.8778 -12.8893 -12.867 -12.8107 -12.74 -12.6565 -12.568 -12.4815 -12.3936 -12.3194 -12.2451 -12.1937 -12.1424 -12.1217
-2.90097 -2.87487 -2.81294 -2.77375 -2.702 -2.65011 -2.57565 -2.51725 -2.44575 -2.38908 -2.3299 -2.28359 -2.24648 -2.21742 -2.21018 -2.19806 -2.2114 -2.2097 -2.21708 -2.19197 -2.15449 -2.05384 -1.9195 -1.68446 -1.39416 -0.982899 -0.512223 0.0703896 0.655938 1.27419 1.77239 2.13381 2.22782 2.03584 1.47694 0.593773 -0.627791 -2.08447 -3.72446 -5.41097 -7.06419 -8.57637 -9.87962 -10.942 -11.753 -12.3236 -12.7 -12.9138 -13.0109 -13.0221 -12.9769 -12.8936 -12.7895 -12.6725 -12.5511 -12.4313 -12.3139 -12.207 -12.1052 -12.0205 -11.942 -11.8856 -11.8355
-2.9521 -2.89874 -2.86508 -2.79264 -2.73912 -2.66116 -2.59553 -2.51618 -2.44599 -2.37508 -2.31157 -2.26237 -2.21792 -2.20219 -2.18626 -2.20874 -2.22159 -2.26105 -2.27547 -2.28981 -2.24523 -2.16524 -1.97612 -1.71257 -1.29002 -0.756058 -0.0304077 0.794936 1.77222 2.73688 3.67099 4.37738 4.78063 4.74008 4.24121 3.23563 1.80484 -0.00259079 -2.03832 -4.18883 -6.2841 -8.19759 -9.82922 -11.1106 -12.042 -12.6649 -13.0246 -13.1964 -13.2261 -13.1705 -13.0556 -12.9128 -12.7542 -12.5911 -12.4335 -12.278 -12.1387 -12.0022 -11.889 -11.7766 -11.6929 -11.6077 -11.5552
-2.9752 -2.94351 -2.87327 -2.82144 -2.73689 -2.66481 -2.57351 -2.48885 -2.3971 -2.31178 -2.23491 -2.1649 -2.12194 -2.08597 -2.095 -2.10397 -2.16142 -2.20696 -2.27485 -2.2975 -2.29894 -2.19595 -2.01673 -1.65425 -1.14877 -0.383192 0.578468 1.83256 3.24622 4.82304 6.32068 7.60406 8.43049 8.68131 8.24605 7.14402 5.40055 3.14617 0.517252 -2.27755 -5.03011 -7.54114 -9.63275 -11.2452 -12.3559 -13.0386 -13.3854 -13.4957 -13.4487 -13.3118 -13.1203 -12.9117 -12.6953 -12.4878 -12.2874 -12.1054 -11.9331 -11.7826 -11.6407 -11.5227 -11.4113 -11.3252 -11.2435
-3.00891 -2.94365 -2.89797 -2.80652 -2.73097 -2.62595 -2.52686 -2.41242 -2.29984 -2.18831 -2.07968 -1.99312 -1.91422 -1.88121 -1.86094 -1.90532 -1.95845 -2.06374 -2.15242 -2.24831 -2.26411 -2.21482 -1.98971 -1.60907 -0.933218 0.00809148 1.36325 3.06747 5.19749 7.53858 9.94382 12.0439 13.5421 14.181 13.8739 12.607 10.4855 7.63002 4.23825 0.54277 -3.15343 -6.52282 -9.31858 -11.3747 -12.7267 -13.4855 -13.806 -13.8362 -13.6934 -13.4587 -13.1855 -12.9016 -12.6296 -12.3696 -12.1368 -11.9168 -11.7281 -11.5472 -11.399 -11.2534 -11.1413 -11.0272 -10.9473
-3.01362 -2.96778 -2.87884 -2.80135 -2.68692 -2.57439 -2.43857 -2.29776 -2.14784 -1.99302 -1.84891 -1.70649 -1.60436 -1.51808 -1.50701 -1.52096 -1.62749 -1.75064 -1.93317 -2.07387 -2.19312 -2.16181 -1.99609 -1.53071 -0.783124 0.444276 2.15223 4.52969 7.4999 11.0208 14.6768 18.01 20.4648 21.6952 21.5642 20.1417 17.5426 13.9418 9.52103 4.5824 -0.461451 -5.09758 -8.86136 -11.5505 -13.2025 -14.0322 -14.2949 -14.2148 -13.9475 -13.6031 -13.2301 -12.8739 -12.5359 -12.2342 -11.9571 -11.7158 -11.4944 -11.3051 -11.1293 -10.9827 -10.8445 -10.7335 -10.6266
-3.03278 -2.94796 -2.87862 -2.75394 -2.63844 -2.481 -2.32036 -2.13089 -1.93292 -1.72255 -1.50714 -1.30917 -1.12322 -1.00111 -0.918629 -0.953806 -1.04674 -1.26331 -1.50637 -1.79966 -2.00198 -2.11698 -1.96674 -1.55865 -0.671579 0.725301 2.90776 5.95535 10.077 15.0805 20.5909 25.7691 29.645 31.6397 31.6853 30.0093 26.8707 22.4258 16.8215 10.2799 3.32846 -3.18715 -8.40942 -11.8942 -13.8599 -14.7122 -14.867 -14.6291 -14.214 -13.7359 -13.2671 -12.8246 -12.4333 -12.0777 -11.7749 -11.497 -11.2657 -11.0477 -10.8713 -10.6989 -10.5649 -10.4279 -10.3274
-3.02458 -2.95515 -2.83783 -2.71809 -2.55362 -2.37488 -2.1593 -1.91954 -1.65255 -1.35821 -1.0587 -0.743388 -0.470516 -0.220838 -0.0931527 -0.0453004 -0.191151 -0.446191 -0.864577 -1.29712 -1.73582 -1.98314 -2.02455 -1.63346 -0.780555 0.822443 3.32546 7.13089 12.4234 19.3481 27.5125 35.5785 41.6012 44.5661 44.687 42.6647 38.9554 33.7157 26.8747 18.4049 8.76859 -0.666085 -8.0795 -12.6061 -14.7946 -15.547 -15.4978 -15.0543 -14.4563 -13.8428 -13.2608 -12.7489 -12.2916 -11.9038 -11.5596 -11.2693 -11.0084 -10.7891 -10.5877 -10.4201 -10.2622 -10.1332 -10.0081
-3.0341 -2.92336 -2.81824 -2.64498 -2.46949 -2.22924 -1.97177 -1.65182 -1.3021 -0.898588 -0.463619 -0.00929552 0.446634 0.838707 1.14765 1.25421 1.16018 0.781266 0.197561 -0.545053 -1.25815 -1.83629 -2.07506 -1.89982 -1.0913 0.501598 3.23962 7.51522 13.8591 22.7656 34.1472 45.7965 54.4529 58.4565 58.6284 56.2393 52.0606 46.1265 38.1314 27.5804 14.7741 1.73449 -8.30841 -13.9245 -16.0706 -16.5123 -16.1422 -15.4504 -14.653 -13.8981 -13.2192 -12.6318 -12.1318 -11.7008 -11.3402 -11.0215 -10.7576 -10.5156 -10.3186 -10.1294 -9.97978 -9.82844 -9.71331
-3.02169 -2.92215 -2.76418 -2.59066 -2.35186 -2.08207 -1.74049 -1.34759 -0.876419 -0.335299 0.275183 0.95308 1.64341 2.32836 2.86739 3.21034 3.16453 2.71459 1.82237 0.675919 -0.545733 -1.55513 -2.21044 -2.2972 -1.73596 -0.271274 2.36848 6.70817 13.394 23.3531 36.7088 50.7602 60.8717 65.1301 64.8862 62.1084 57.6093 51.4347 42.9445 31.348 16.5668 1.24035 -10.2864 -15.9711 -17.63 -17.4709 -16.7274 -15.7382 -14.7613 -13.8738 -13.1099 -12.4695 -11.9249 -11.4749 -11.0872 -10.7651 -10.4805 -10.2433 -10.0269 -9.84737 -9.67756 -9.5385 -9.4017
-3.03058 -2.88714 -2.73974 -2.50432 -2.25039 -1.89988 -1.50118 -0.990304 -0.39368 0.331912 1.1776 2.14188 3.21221 4.29537 5.31168 6.01086 6.20904 5.66987 4.38866 2.55391 0.582677 -1.15165 -2.35024 -2.90133 -2.67116 -1.56755 0.688858 4.48542 10.4428 19.4517 31.6094 44.1852 52.809 55.6507 54.5785 51.4092 46.9573 41.1159 33.3041 22.6872 9.20445 -4.64855 -14.3891 -18.5933 -19.0969 -18.2748 -17.0984 -15.874 -14.7348 -13.7549 -12.9359 -12.2515 -11.6924 -11.2164 -10.8297 -10.4884 -10.212 -9.95696 -9.75286 -9.55445 -9.39914 -9.23955 -9.1179
-3.02219 -2.89039 -2.68825 -2.44894 -2.12528 -1.73438 -1.23388 -0.61876 0.144645 1.08669 2.2183 3.58723 5.14368 6.88627 8.59123 10.0264 10.6782 10.1633 8.29997 5.42814 2.25342 -0.533262 -2.54985 -3.65589 -3.90539 -3.26362 -1.66263 1.15524 5.51718 11.7951 19.8489 27.6443 32.1687 32.7917 30.7624 27.492 23.4069 18.4826 12.3012 4.4687 -4.84152 -13.6141 -19.2221 -20.7785 -20.0705 -18.65 -17.1903 -15.7786 -14.5568 -13.5246 -12.6759 -11.9839 -11.4065 -10.9376 -10.5369 -10.2074 -9.91708 -9.67655 -9.45666 -9.2746 -9.10148 -8.95895 -8.81798
-3.04249 -2.86841 -2.67411 -2.37702 -2.03151 -1.55849 -0.982912 -0.232762 0.704526 1.89225 3.38388 5.21933 7.46591 10.0605 12.8818 15.4567 17.0857 16.8611 14.2065 9.66428 4.57879 0.250648 -2.80781 -4.60036 -5.34258 -5.2161 -4.30788 -2.59127 -0.0500432 3.28592 7.00566 9.90861 10.8778 9.68392 7.26443 4.20907 0.809109 -3.00775 -7.26774 -12.0163 -16.7965 -20.6184 -22.2035 -21.7644 -20.2255 -18.5586 -16.9175 -15.4654 -14.2132 -13.1886 -12.3472 -11.6591 -11.0986 -10.6274 -10.2433 -9.90755 -9.63377 -9.38312 -9.1803 -8.98465 -8.82875 -8.67022 -8.54597
-3.05032 -2.88918 -2.649 -2.3443 -1.93977 -1.41862 -0.747843 0.12874 1.24566 2.71341 4.57137 6.9915 10.0059 13.757 18.0258 22.4448 26.0112 26.7943 23.1147 15.7499 7.57515 1.06084 -3.24548 -5.73086 -6.93476 -7.22894 -6.90828 -6.10289 -4.95307 -3.66053 -2.64977 -2.33002 -3.15525 -4.83844 -7.096 -9.58386 -12.2489 -14.9896 -17.7407 -20.2623 -22.2199 -23.0887 -22.7488 -21.3671 -19.6903 -17.9606 -16.3542 -14.9294 -13.7392 -12.7552 -11.9505 -11.2955 -10.7484 -10.3036 -9.92235 -9.60786 -9.33027 -9.09853 -8.88714 -8.70949 -8.5419 -8.40035 -8.26269
-3.09396 -2.8959 -2.6674 -2.31726 -1.89546 -1.30732 -0.564687 0.433228 1.73248 3.45291 5.72148 8.70218 12.6032 17.5778 23.6532 30.68 37.4316 40.1244 35.1847 23.5985 10.9795 1.57717 -3.99737 -7.10776 -8.59827 -9.18691 -9.20652 -8.97754 -8.64726 -8.43092 -8.49706 -9.12248 -10.2424 -11.7999 -13.5708 -15.4834 -17.4189 -19.3089 -20.9797 -22.2431 -22.8248 -22.6276 -21.6592 -20.2642 -18.6524 -17.0395 -15.5469 -14.2499 -13.1588 -12.2513 -11.5105 -10.8897 -10.3889 -9.95521 -9.60697 -9.2925 -9.04106 -8.80275 -8.61407 -8.42551 -8.27834 -8.12368 -8.0042
-3.12792 -2.95235 -2.68558 -2.34368 -1.87542 -1.26364 -0.445812 0.645623 2.09579 4.05682 6.66716 10.205 14.9 21.0801 28.9542 38.8289 49.117 54.1638 47.6631 31.2167 13.5691 1.43689 -5.25138 -8.6688 -10.3305 -10.9745 -11.1571 -11.14 -11.1739 -11.3617 -11.8485 -12.6128 -13.6867 -14.9706 -16.3941 -17.8251 -19.186 -20.3578 -21.2462 -21.7135 -21.6883 -21.1143 -20.1159 -18.7793 -17.3419 -15.92 -14.6198 -13.4849 -12.515 -11.7119 -11.0297 -10.4773 -9.99787 -9.61261 -9.26827 -8.9904 -8.73309 -8.52529 -8.32472 -8.16347 -8.0012 -7.87105 -7.73535
-3.20179 -2.99989 -2.75784 -2.38742 -1.92686 -1.27668 -0.428604 0.732898 2.29664 4.41979 7.31815 11.2576 16.6085 23.703 32.9607 44.9423 57.8199 64.2646 56.2125 35.5758 14.2751 0.223053 -6.91699 -10.4246 -12.0171 -12.6095 -12.7148 -12.7201 -12.7809 -13.0379 -13.5039 -14.2228 -15.1005 -16.116 -17.157 -18.1739 -19.065 -19.7719 -20.1935 -20.2786 -19.9685 -19.308 -18.3225 -17.1745 -15.945 -14.7517 -13.6548 -12.6858 -11.8548 -11.1421 -10.5503 -10.039 -9.62172 -9.25014 -8.95014 -8.67214 -8.44956 -8.23371 -8.06275 -7.88865 -7.75223 -7.60739 -7.49398
-3.26913 -3.09638 -2.83838 -2.49129 -2.02033 -1.37863 -0.518061 0.673204 2.27414 4.50793 7.53346 11.7484 17.4465 25.1082 35.087 48.006 61.8777 68.5209 58.9946 36.0647 12.8666 -1.789 -8.90111 -12.2488 -13.6519 -14.025 -13.9713 -13.8208 -13.7713 -13.8904 -14.2262 -14.7246 -15.3832 -16.101 -16.8497 -17.5307 -18.0996 -18.4731 -18.6204 -18.4891 -18.0915 -17.4277 -16.588 -15.6074 -14.6018 -13.6217 -12.716 -11.9067 -11.1951 -10.5881 -10.0587 -9.61915 -9.22747 -8.90752 -8.61499 -8.37596 -8.15053 -7.96624 -7.7866 -7.63956 -7.49175 -7.37012 -7.24464
-3.3741 -3.19279 -2.9671 -2.62579 -2.18579 -1.56177 -0.724624 0.435975 2.03589 4.24152 7.30639 11.5446 17.3588 25.1505 35.2796 48.2317 62.1101 68.3007 57.8854 33.9515 10.279 -4.26915 -10.9918 -14.0581 -15.1338 -15.2416 -14.922 -14.5773 -14.3204 -14.2638 -14.3664 -14.666 -15.0514 -15.5315 -15.9911 -16.4231 -16.7317 -16.914 -16.8956 -16.6945 -16.2754 -15.703 -14.9733 -14.1927 -13.3701 -12.5797 -11.8327 -11.1625 -10.5639 -10.0413 -9.58894 -9.19293 -8.85683 -8.55603 -8.303 -8.06984 -7.87469 -7.68901 -7.53366 -7.38127 -7.25317 -7.12487 -7.01535
-3.47392 -3.32396 -3.11166 -2.80835 -2.40116 -1.8264 -1.05293 0.0478018 1.53768 3.66553 6.56922 10.6922 16.293 23.9074 33.7441 46.3233 59.7994 65.5504 54.715 30.6195 7.13167 -6.92204 -13.1064 -15.7563 -16.4395 -16.2147 -15.6272 -15.039 -14.5814 -14.3134 -14.2323 -14.2989 -14.488 -14.7329 -14.9971 -15.2221 -15.3718 -15.4057 -15.3065 -15.0616 -14.6802 -14.1752 -13.5889 -12.942 -12.2811 -11.6398 -11.0292 -10.4768 -9.96968 -9.5323 -9.13154 -8.79776 -8.48504 -8.23065 -7.9861 -7.78876 -7.59345 -7.43631 -7.2761 -7.1473 -7.01259 -6.90344 -6.78717
-3.59805 -3.45944 -3.28938 -3.01918 -2.67349 -2.16351 -1.47984 -0.505024 0.847493 2.75186 5.42096 9.18365 14.3923 21.4853 30.7589 42.7302 55.703 61.1129 50.2782 26.5296 3.67573 -9.65702 -15.1625 -17.265 -17.4983 -16.9405 -16.0643 -15.2687 -14.6029 -14.171 -13.8902 -13.8034 -13.7925 -13.8818 -13.963 -14.0543 -14.069 -14.0314 -13.8767 -13.6422 -13.2888 -12.8743 -12.3748 -11.8629 -11.3225 -10.8038 -10.3013 -9.84313 -9.4208 -9.04329 -8.70684 -8.40484 -8.14181 -7.9014 -7.69431 -7.50054 -7.33459 -7.17544 -7.03893 -6.90516 -6.7894 -6.67483 -6.57343
-3.71392 -3.6151 -3.4731 -3.26224 -2.97334 -2.55731 -1.98873 -1.16336 -0.0335593 1.61114 3.88472 7.17877 11.7332 18.0624 26.4601 37.6148 49.87 54.9991 44.4842 21.611 -0.138406 -12.435 -17.0962 -18.5128 -18.2792 -17.3716 -16.2665 -15.2669 -14.4588 -13.867 -13.4698 -13.2236 -13.0983 -13.041 -13.0215 -12.9973 -12.9451 -12.8384 -12.6685 -12.4278 -12.1234 -11.7606 -11.36 -10.9307 -10.4932 -10.0681 -9.65495 -9.27568 -8.91655 -8.60151 -8.3026 -8.05023 -7.80494 -7.60375 -7.40339 -7.241 -7.07542 -6.94137 -6.80187 -6.6888 -6.56876 -6.47068 -6.36528
