MatLab_Code/img_model_res.grd
DSAA
101 101
-2500 2500
-2500 2500
-6.53759 2.42116
[rows 0 to 28 of 101, columns 0 to 66 of 101]
1.69075 1.74662 1.77632 1.84355 1.87585 1.93411 1.94987 1.99386 1.99309 2.02499 2.01263 2.03669 2.0168 2.03591 2.01132 2.02692 1.99773 2.01148 1.97632 1.98787 1.94818 1.95647 1.91422 1.91875 1.87382 1.87598 1.82759 1.82652 1.77558 1.77096 1.71678 1.70992 1.65226 1.64079 1.58219 1.5655 1.50418 1.48247 1.41837 1.39173 1.32451 1.29491 1.22469 1.19081 1.11983 1.08073 1.0098 0.966586 0.895438 0.848583 0.777763 0.727582 0.658029 0.604523 0.537389 0.481226 0.41682 0.359354 0.298461 0.240984 0.184479 0.128885 0.0776591 0.0252618 -0.0188909 -0.0661819 -0.10177
1.69884 1.76757 1.77714 1.86439 1.87829 1.9512 1.95397 2.00665 1.99859 2.03375 2.01905 2.0411 2.02404 2.03614 2.01809 2.02211 2.00491 1.99908 1.98385 1.97014 1.95477 1.9362 1.91838 1.89627 1.87763 1.85027 1.83046 1.7995 1.77707 1.74299 1.71877 1.68047 1.65306 1.61307 1.58 1.53776 1.49989 1.45498 1.41221 1.36452 1.31762 1.26596 1.21501 1.16189 1.10422 1.0517 0.988661 0.935521 0.867784 0.814784 0.742479 0.690581 0.613521 0.56353 0.483067 0.435061 0.352852 0.306761 0.22432 0.18111 0.100744 0.0604304 -0.0153358 -0.0511524 -0.120463 -0.150552 -0.211703
1.71771 1.76865 1.79608 1.86141 1.89161 1.94616 1.95973 2.0014 1.99774 2.02934 2.0121 2.03854 2.01123 2.03494 2.0007 2.02208 1.98073 2.00239 1.95399 1.9744 1.92189 1.93886 1.88521 1.89831 1.84162 1.85287 1.7938 1.80182 1.74138 1.74574 1.6828 1.68416 1.61963 1.61514 1.55012 1.53998 1.47327 1.45725 1.38863 1.36675 1.29542 1.26864 1.19508 1.1614 1.08865 1.04718 0.974245 0.926779 0.854232 0.800562 0.729404 0.669319 0.599669 0.535282 0.465488 0.399933 0.330315 0.263759 0.196088 0.129482 0.065303 0.000667832 -0.0586841 -0.119511 -0.171931 -0.226681 -0.270249
1.72533 1.79173 1.80224 1.88418 1.89436 1.96342 1.96121 2.01144 1.99957 2.03222 2.01547 2.03458 2.01601 2.02506 2.00496 2.00652 1.98621 1.97935 1.95918 1.9467 1.92465 1.90946 1.88355 1.86629 1.83913 1.8182 1.78948 1.766 1.73519 1.70913 1.677 1.64734 1.61229 1.58056 1.5413 1.50627 1.4628 1.42415 1.37607 1.33321 1.28099 1.2333 1.17643 1.12594 1.06247 1.01021 0.941746 0.887051 0.813577 0.757548 0.678928 0.622754 0.539265 0.482624 0.396778 0.338711 0.251515 0.193302 0.105904 0.0490127 -0.0364271 -0.0913711 -0.171913 -0.22295 -0.296137 -0.341403 -0.404575
1.74223 1.80054 1.81821 1.887 1.90696 1.96104 1.96701 2.00715 1.99795 2.02853 2.00707 2.03223 2.00167 2.02326 1.98649 2.00458 1.96193 1.97859 1.93096 1.94457 1.89468 1.90376 1.85393 1.85898 1.80734 1.81035 1.75752 1.75795 1.70403 1.70195 1.64575 1.64127 1.58348 1.57457 1.51475 1.50155 1.43882 1.42035 1.35416 1.33036 1.25981 1.2307 1.15643 1.12057 1.04433 1.00151 0.922651 0.873948 0.793438 0.738537 0.657361 0.595989 0.515069 0.448066 0.366648 0.295809 0.214516 0.140841 0.0611692 -0.0139003 -0.0908592 -0.163934 -0.236977 -0.305646 -0.372159 -0.433277 -0.490292
1.75028 1.81336 1.82618 1.90157 1.90969 1.97354 1.96688 2.01477 1.99711 2.03021 2.00682 2.0279 2.00191 2.01347 1.98542 1.98967 1.96075 1.95748 1.9276 1.91973 1.88746 1.87741 1.8418 1.83009 1.79356 1.7793 1.74166 1.72556 1.68694 1.66852 1.62952 1.60807 1.56693 1.54273 1.49893 1.47028 1.42287 1.38945 1.3377 1.29839 1.24227 1.19687 1.13538 1.08512 1.0174 0.962897 0.890049 0.831253 0.753068 0.691113 0.607413 0.543355 0.454176 0.388326 0.295237 0.227063 0.131124 0.0619164 -0.0355299 -0.104555 -0.200699 -0.269015 -0.360059 -0.425316 -0.508046 -0.567469 -0.638361
1.75875 1.82323 1.83298 1.90558 1.91645 1.97129 1.97003 2.00859 1.99561 2.02285 2.00014 2.02051 1.98996 2.00585 1.96926 1.98128 1.93893 1.94878 1.90214 1.9085 1.86006 1.86233 1.81395 1.81304 1.76365 1.76113 1.71165 1.70735 1.65756 1.65177 1.60053 1.59278 1.54046 1.52938 1.47424 1.4597 1.40093 1.38125 1.31776 1.29262 1.22333 1.19185 1.11747 1.07869 0.999908 0.953936 0.870659 0.818212 0.731546 0.672329 0.583261 0.516963 0.426241 0.353373 0.260692 0.182565 0.0890251 0.00602953 -0.0868349 -0.172736 -0.263903 -0.3486 -0.436744 -0.517123 -0.598986 -0.670766 -0.742302
1.766 1.82758 1.84175 1.91299 1.92031 1.97925 1.96953 2.01479 1.9923 2.02559 1.99553 2.01882 1.98458 1.99909 1.96213 1.96906 1.93096 1.93052 1.89107 1.88626 1.84469 1.8376 1.79388 1.78526 1.74151 1.7313 1.68728 1.67624 1.63228 1.61986 1.57622 1.56196 1.51674 1.4998 1.45297 1.43107 1.38091 1.35339 1.29882 1.26391 1.2043 1.16194 1.09576 1.04649 0.973725 0.91794 0.839356 0.777467 0.692904 0.626086 0.535345 0.464585 0.367691 0.293057 0.191197 0.112568 0.00614503 -0.0748117 -0.184445 -0.266853 -0.376502 -0.459797 -0.564961 -0.64626 -0.742663 -0.818328 -0.901206
1.76815 1.83778 1.84207 1.91851 1.92184 1.9788 1.97001 2.0091 1.99084 2.01657 1.99112 2.00762 1.9762 1.98633 1.94945 1.95494 1.91232 1.915 1.86842 1.86749 1.8193 1.81509 1.7669 1.76067 1.71222 1.70531 1.65788 1.65028 1.60362 1.59561 1.54872 1.53919 1.49224 1.48014 1.43038 1.41534 1.36165 1.34145 1.28199 1.25598 1.18924 1.15563 1.08216 1.0402 0.95984 0.909924 0.823083 0.765834 0.673802 0.609035 0.512822 0.440164 0.340338 0.260074 0.156473 0.069215 -0.0366791 -0.131017 -0.237991 -0.33707 -0.444141 -0.543466 -0.649151 -0.744781 -0.845136 -0.931605 -1.02117
1.77581 1.83742 1.85196 1.92045 1.92801 1.98237 1.97146 2.01281 1.98768 2.019 1.98424 2.00764 1.9663 1.98235 1.93663 1.94541 1.89774 1.89938 1.84998 1.84739 1.79631 1.79136 1.73952 1.73331 1.68266 1.67586 1.62627 1.61966 1.57157 1.56453 1.51779 1.51021 1.46245 1.45282 1.40408 1.38962 1.33769 1.31715 1.26067 1.23143 1.16914 1.13089 1.06059 1.01311 0.935298 0.878827 0.794157 0.729595 0.63813 0.566792 0.46836 0.39114 0.285707 0.202283 0.0904565 0.00120548 -0.117236 -0.21093 -0.334569 -0.432075 -0.557545 -0.658384 -0.780626 -0.881456 -0.995345 -1.09154 -1.19083
1.77562 1.84894 1.84888 1.9287 1.92577 1.98553 1.96907 2.01001 1.98499 2.01097 1.98058 1.99488 1.96043 1.96573 1.92713 1.92601 1.88238 1.87731 1.83028 1.82142 1.77308 1.76188 1.71372 1.7019 1.65446 1.64328 1.59806 1.5877 1.54426 1.53494 1.49232 1.48217 1.44059 1.42837 1.38448 1.3695 1.32184 1.30167 1.24758 1.22133 1.15863 1.12353 1.05225 1.00743 0.926447 0.87242 0.782661 0.720198 0.623306 0.552477 0.44954 0.369916 0.261217 0.172758 0.0582614 -0.0393932 -0.158229 -0.265337 -0.387699 -0.501923 -0.626972 -0.743494 -0.869787 -0.984288 -1.1073 -1.21319 -1.32597
1.78538 1.84746 1.8614 1.92763 1.93567 1.9856 1.97427 2.01074 1.98438 2.0118 1.97403 1.99505 1.94828 1.96343 1.91001 1.91895 1.86185 1.8646 1.80493 1.80401 1.74312 1.74008 1.68002 1.67639 1.61912 1.61618 1.56167 1.56003 1.50873 1.50737 1.4586 1.45766 1.40838 1.40594 1.35588 1.34888 1.29557 1.28243 1.22452 1.20186 1.13765 1.10469 1.03112 0.986429 0.904025 0.847433 0.756746 0.6898 0.591377 0.515718 0.409513 0.325906 0.21171 0.119456 -0.00295252 -0.103229 -0.23452 -0.342047 -0.480926 -0.595167 -0.7383 -0.859196 -1.00127 -1.12535 -1.26088 -1.38282 -1.50415
1.7862 1.86196 1.85766 1.93983 1.93119 1.99342 1.96928 2.01232 1.97963 2.00673 1.96968 1.98308 1.9433 1.9452 1.90264 1.89579 1.84969 1.83701 1.78888 1.77185 1.72338 1.70505 1.65755 1.64041 1.59516 1.58045 1.53892 1.52683 1.48803 1.47833 1.44088 1.43081 1.39482 1.38267 1.34426 1.32909 1.28692 1.26634 1.21752 1.19079 1.13284 1.09658 1.02874 0.981568 0.901056 0.84303 0.750996 0.68318 0.581907 0.504881 0.395678 0.308897 0.191724 0.0945875 -0.0305843 -0.139414 -0.271567 -0.392361 -0.530908 -0.661601 -0.805969 -0.941606 -1.09087 -1.22743 -1.37712 -1.50755 -1.64968
1.79929 1.86163 1.87395 1.93757 1.94556 1.99092 1.97902 2.01014 1.98289 2.00526 1.96536 1.98214 1.93125 1.94319 1.88349 1.89045 1.82499 1.82743 1.75811 1.75849 1.68822 1.68781 1.62021 1.62081 1.55825 1.56152 1.50387 1.50971 1.45704 1.46325 1.41374 1.42013 1.36997 1.37406 1.32252 1.32115 1.26585 1.25787 1.19752 1.17977 1.11303 1.0849 1.00848 0.967191 0.880908 0.82478 0.72835 0.659333 0.554123 0.474481 0.360755 0.271077 0.148172 0.0475116 -0.0857421 -0.197077 -0.341602 -0.463361 -0.617962 -0.749515 -0.910921 -1.0528 -1.21607 -1.36553 -1.52592 -1.67824 -1.82762
1.80281 1.88007 1.87098 1.95443 1.93979 2.00367 1.97193 2.0164 1.9761 2.00398 1.95967 1.97254 1.92604 1.92555 1.87721 1.86592 1.81571 1.79667 1.74667 1.72261 1.67466 1.65042 1.60589 1.58529 1.54579 1.52999 1.49624 1.48482 1.45436 1.44578 1.41591 1.40649 1.37669 1.36423 1.3303 1.31358 1.27461 1.25131 1.20493 1.17452 1.11896 1.07895 1.01391 0.963501 0.884526 0.822204 0.728999 0.655366 0.550815 0.467251 0.353022 0.258748 0.134513 0.0279845 -0.106607 -0.227418 -0.372015 -0.507179 -0.661028 -0.808444 -0.970855 -1.12568 -1.2968 -1.45647 -1.63383 -1.79253 -1.96894
1.81951 1.88168 1.89148 1.95168 1.95886 1.99916 1.98612 2.012 1.98325 2.00055 1.9584 1.97015 1.91583 1.92307 1.85847 1.86169 1.78977 1.79044 1.71386 1.71511 1.63844 1.64236 1.57069 1.57941 1.5159 1.52976 1.47294 1.4899 1.43847 1.45501 1.40609 1.42095 1.36985 1.38001 1.32592 1.32837 1.26895 1.26322 1.19736 1.18093 1.10742 1.08049 0.997533 0.957876 0.86653 0.81122 0.708987 0.63866 0.526726 0.444076 0.323151 0.228517 0.0971185 -0.0107469 -0.154811 -0.276328 -0.434014 -0.568985 -0.73852 -0.885548 -1.06299 -1.22292 -1.40425 -1.57666 -1.76037 -1.94415 -2.12452
1.8256 1.90367 1.88945 1.97326 1.95207 2.01648 1.97761 2.02234 1.97523 2.00284 1.95171 1.96363 1.91016 1.90778 1.85277 1.83856 1.78318 1.7603 1.70795 1.68047 1.6345 1.609 1.57178 1.55304 1.52509 1.51239 1.49103 1.48265 1.46318 1.45689 1.43597 1.42664 1.40327 1.38873 1.3584 1.33768 1.30003 1.27099 1.22449 1.18677 1.13037 1.08176 1.01575 0.95729 0.878197 0.809718 0.716403 0.636397 0.530143 0.439892 0.322522 0.220857 0.0915239 -0.0243947 -0.166631 -0.299427 -0.454624 -0.603605 -0.769965 -0.931257 -1.1069 -1.27471 -1.46136 -1.63636 -1.83677 -2.01896 -2.23104
1.84525 1.90631 1.91366 1.97013 1.97534 2.01063 1.99542 2.0168 1.98554 1.99851 1.95338 1.96047 1.90269 1.90506 1.83656 1.83552 1.75939 1.75829 1.67777 1.68112 1.60406 1.6156 1.54763 1.56846 1.51012 1.53808 1.48582 1.51624 1.46724 1.49477 1.44578 1.46868 1.41486 1.42974 1.3707 1.37494 1.30869 1.30266 1.22851 1.21056 1.12739 1.09853 1.00518 0.963492 0.862872 0.806896 0.69777 0.626984 0.508542 0.424518 0.29703 0.19936 0.0602616 -0.0529102 -0.20701 -0.336848 -0.506694 -0.652229 -0.833714 -0.990788 -1.1766 -1.34496 -1.53165 -1.71481 -1.90819 -2.11424 -2.31814
1.85321 1.931 1.9127 1.99548 1.968 2.03138 1.98658 2.03005 1.97749 2.00355 1.94684 1.95685 1.89747 1.89295 1.83208 1.81604 1.75634 1.73247 1.67995 1.65465 1.6146 1.5955 1.57013 1.55897 1.54486 1.53923 1.53152 1.52787 1.52007 1.51508 1.50248 1.49098 1.47247 1.45289 1.42405 1.39611 1.35736 1.31955 1.27028 1.22264 1.16295 1.10363 1.03445 0.965307 0.883363 0.805794 0.711704 0.62489 0.518642 0.422253 0.304066 0.19587 0.0639323 -0.0603313 -0.207708 -0.351328 -0.514271 -0.674699 -0.848297 -1.01636 -1.19405 -1.35956 -1.54368 -1.71175 -1.91383 -2.09781 -2.33083
1.87551 1.9354 1.93921 1.99249 1.99398 2.02542 2.00662 2.02467 1.98996 1.99957 1.95087 1.95422 1.89279 1.89124 1.81961 1.81532 1.7375 1.73648 1.65736 1.66725 1.59643 1.62066 1.56138 1.59734 1.5479 1.58996 1.54485 1.587 1.54123 1.57723 1.52666 1.55446 1.4953 1.51137 1.44438 1.44684 1.37111 1.36138 1.27693 1.25433 1.16048 1.12724 1.02351 0.978102 0.868031 0.809422 0.693026 0.621714 0.498371 0.414101 0.282262 0.182977 0.0387795 -0.0779436 -0.239183 -0.375432 -0.553917 -0.706832 -0.893173 -1.05173 -1.22914 -1.38654 -1.54933 -1.71508 -1.87984 -2.07622 -2.26872
1.88573 1.96107 1.94034 2.01974 1.98738 2.04789 1.99851 2.0398 1.98273 2.00687 1.94526 1.95347 1.88881 1.88303 1.81713 1.80151 1.7389 1.71897 1.66932 1.65367 1.62327 1.61729 1.60394 1.60729 1.60477 1.61081 1.61234 1.61588 1.61357 1.61064 1.59929 1.58491 1.56407 1.53813 1.5037 1.46767 1.42158 1.37518 1.31776 1.2617 1.19426 1.1274 1.05169 0.976386 0.889234 0.807245 0.70942 0.620558 0.511919 0.415021 0.293766 0.185273 0.0490125 -0.0767964 -0.230451 -0.377453 -0.548817 -0.711222 -0.889554 -1.04633 -1.21213 -1.34094 -1.49494 -1.60451 -1.76272 -1.88534 -2.07609
1.90879 1.96831 1.96729 2.018 2.01436 2.04283 2.01983 2.03525 1.997 2.00371 1.95174 1.95178 1.8876 1.88277 1.80992 1.80371 1.72804 1.72979 1.65943 1.67872 1.6213 1.65867 1.61414 1.66354 1.62546 1.67872 1.64079 1.68915 1.64531 1.68207 1.62758 1.65099 1.58494 1.59352 1.51705 1.51087 1.42585 1.40725 1.31476 1.28408 1.18386 1.14395 1.03551 0.984996 0.872242 0.809983 0.692532 0.618559 0.495769 0.408556 0.27848 0.175286 0.0331795 -0.0887298 -0.248579 -0.392343 -0.569598 -0.73016 -0.905928 -1.05745 -1.19521 -1.31858 -1.40316 -1.49824 -1.55348 -1.65578 -1.74448
1.92122 1.99385 1.97065 2.04579 2.00916 2.06607 2.013 2.05173 1.99097 2.01306 1.94739 1.95402 1.88524 1.87906 1.80998 1.79702 1.73484 1.72338 1.68137 1.67998 1.6609 1.67238 1.67044 1.68913 1.69604 1.71276 1.7183 1.72555 1.72073 1.71447 1.69536 1.67346 1.64166 1.60637 1.56185 1.5173 1.46188 1.40856 1.34302 1.28212 1.20826 1.1382 1.05774 0.980794 0.890425 0.807997 0.708202 0.619661 0.509227 0.412822 0.290525 0.182885 0.0455475 -0.0791396 -0.234493 -0.380479 -0.555073 -0.713151 -0.886133 -1.01625 -1.14766 -1.20188 -1.25972 -1.2489 -1.26257 -1.24264 -1.28545
1.9447 2.00369 1.99727 2.04582 2.03613 2.06255 2.03489 2.04858 2.00649 2.01127 1.95595 1.95389 1.88732 1.88098 1.8082 1.80323 1.73286 1.74192 1.68401 1.71623 1.67451 1.72507 1.69575 1.75535 1.72823 1.78622 1.75067 1.79619 1.7465 1.77364 1.70934 1.72203 1.64501 1.64441 1.55931 1.54534 1.45382 1.4287 1.3318 1.29604 1.19318 1.14963 1.03991 0.986952 0.874011 0.810282 0.692958 0.617996 0.495583 0.407663 0.278284 0.174624 0.0345243 -0.0876189 -0.244292 -0.388555 -0.561198 -0.720379 -0.880791 -1.0118 -1.09017 -1.13084 -1.08939 -1.03048 -0.936451 -0.866788 -0.833624
1.95956 2.02786 2.00339 2.07247 2.03338 2.08517 2.03038 2.0651 2.00272 2.02139 1.95394 1.95794 1.88771 1.88075 1.81202 1.80272 1.74622 1.74547 1.71514 1.72957 1.72372 1.75098 1.75951 1.79012 1.80076 1.82097 1.82089 1.82242 1.80519 1.78933 1.75792 1.72661 1.68516 1.64276 1.59049 1.54115 1.4794 1.42317 1.35267 1.29047 1.21295 1.14276 1.05963 0.983408 0.890863 0.80941 0.707875 0.620065 0.508002 0.412491 0.2886 0.182993 0.0447335 -0.0756335 -0.230847 -0.369905 -0.544128 -0.691816 -0.858801 -0.953507 -1.02781 -0.985583 -0.921984 -0.77638 -0.673271 -0.569934 -0.54155
1.982 2.04035 2.02878 2.07435 2.05974 2.08339 2.0524 2.06346 2.01913 2.02099 1.96432 1.95929 1.89295 1.8847 1.8156 1.81246 1.75291 1.77037 1.72906 1.77239 1.74833 1.80783 1.7932 1.85476 1.83394 1.88286 1.84319 1.87207 1.81577 1.8271 1.75806 1.7579 1.67793 1.66693 1.58101 1.55844 1.46765 1.43556 1.34064 1.2992 1.19922 1.15081 1.04467 0.986981 0.87811 0.809419 0.695987 0.615786 0.497024 0.403527 0.278419 0.169352 0.0353289 -0.0908151 -0.238213 -0.384759 -0.544782 -0.706799 -0.848887 -0.961074 -0.974442 -0.934047 -0.797082 -0.648275 -0.539612 -0.477081 -0.429461
1.99984 2.06266 2.03719 2.09985 2.05874 2.10567 2.04929 2.08059 2.01639 2.03272 1.96311 1.9662 1.89421 1.88916 1.82091 1.8194 1.76971 1.78365 1.76376 1.7955 1.79911 1.84143 1.85271 1.89046 1.89184 1.90808 1.89057 1.88617 1.85234 1.83355 1.78823 1.75617 1.70357 1.66218 1.60083 1.5537 1.48479 1.43153 1.35533 1.2967 1.21434 1.14821 1.06024 0.988575 0.89036 0.813761 0.70546 0.622503 0.502335 0.41145 0.279317 0.178768 0.0331754 -0.0795582 -0.240884 -0.36771 -0.546576 -0.680946 -0.853235 -0.922399 -0.965826 -0.870186 -0.758609 -0.595223 -0.541156 -0.468375 -0.440283
2.02131 2.07565 2.06293 2.10183 2.0856 2.10419 2.0722 2.07927 2.0343 2.03256 1.97577 1.9678 1.90289 1.89374 1.82997 1.8307 1.78349 1.81091 1.78532 1.83894 1.82916 1.89383 1.88616 1.94124 1.91504 1.94842 1.90109 1.91585 1.85467 1.85482 1.78334 1.77476 1.69374 1.67666 1.59081 1.56416 1.47401 1.43951 1.34551 1.30275 1.20364 1.15444 1.04889 0.99029 0.88158 0.811182 0.697264 0.61424 0.494402 0.397112 0.27008 0.156484 0.0208578 -0.109799 -0.255553 -0.404841 -0.559977 -0.725815 -0.867229 -0.984418 -0.993241 -0.931843 -0.806252 -0.709249 -0.648957 -0.616159 -0.563191
2.03797 2.10074 2.06856 2.12964 2.08309 2.12793 2.06876 2.09752 2.03192 2.04539 1.97542 1.9761 1.90558 1.90044 1.83765 1.84122 1.8032 1.82786 1.82199 1.86349 1.87799 1.92396 1.93583 1.96464 1.95615 1.95943 1.93364 1.91884 1.88005 1.85326 1.8057 1.76701 1.71471 1.66783 1.60857 1.55679 1.49131 1.43378 1.36193 1.29895 1.22166 1.15048 1.06807 0.990028 0.897445 0.812936 0.709669 0.61711 0.500979 0.399531 0.268488 0.157266 0.0101839 -0.112699 -0.275888 -0.410488 -0.59099 -0.734435 -0.917765 -1.01869 -1.08357 -1.01979 -0.947015 -0.863144 -0.846867 -0.808144 -0.775049
