MatLab_Code/img_model_for.grd
DSAA
101 101
-2500 2500
-2500 2500
-27.2993 108.981
[rows 28 to 55 of 101, columns 0 to 62 of 101]
0.893373 1.13516 1.499 1.79903 2.23862 2.62139 3.14548 3.6218 4.23557 4.81629 5.52939 6.22356 7.04325 7.85414 8.78105 9.70108 10.7224 11.7399 12.8448 13.9552 15.1398 16.3321 17.5873 18.8414 20.1327 21.3938 22.6447 23.8222 24.9367 25.9274 26.8021 27.5074 28.0449 28.3778 28.5103 28.4144 28.1083 27.5733 26.8405 25.9011 24.7978 23.5351 22.159 20.6865 19.1713 17.628 16.1214 14.6605 13.3172 12.0907 11.0614 10.2161 9.64725 9.33342 9.38241 9.77594 10.6504 12.001 14.0054 16.6707 20.2093 24.7338 30.5997
0.876982 1.13919 1.48854 1.82599 2.24498 2.66872 3.17924 3.69376 4.30529 4.92158 5.6454 6.3736 7.21729 8.06253 9.02453 9.98192 11.0512 12.1076 13.2818 14.4354 15.7106 16.9601 18.3244 19.6511 21.0645 22.4004 23.7784 25.0275 26.2631 27.3161 28.2969 29.0391 29.6617 30.0004 30.1821 30.0594 29.762 29.1629 28.3978 27.3594 26.1896 24.7945 23.3271 21.7019 20.0726 18.3705 16.7393 15.1236 13.6533 12.2856 11.1314 10.1634 9.47182 9.04996 8.97286 9.26302 9.99074 11.2253 13.0418 15.5576 18.8539 23.1229 28.6252
0.85932 1.11223 1.49109 1.80921 2.2665 2.67334 3.21901 3.72674 4.36949 4.9909 5.7431 6.48917 7.36014 8.23517 9.22631 10.2233 11.3245 12.4381 13.6461 14.879 16.1974 17.5457 18.971 20.4109 21.8922 23.3505 24.7958 26.1677 27.4658 28.6305 29.6578 30.4971 31.1362 31.5441 31.7114 31.6184 31.271 30.662 29.8116 28.725 27.4355 25.9646 24.3485 22.6244 20.8352 19.018 17.225 15.4882 13.8648 12.3755 11.0838 9.99375 9.17995 8.63043 8.43584 8.57667 9.17157 10.2043 11.8365 14.064 17.0561 20.867 25.7687
0.820112 1.09425 1.4532 1.80659 2.24099 2.68288 3.21418 3.75222 4.39181 5.03982 5.80093 6.5713 7.46317 8.36255 9.38382 10.4079 11.5512 12.6938 13.9649 15.2319 16.6342 18.032 19.5569 21.0583 22.6493 24.1712 25.732 27.1657 28.5744 29.7928 30.9183 31.7863 32.5057 32.9124 33.1265 33.0019 32.6633 31.9876 31.1074 29.9217 28.5709 26.9688 25.2697 23.3948 21.502 19.5281 17.622 15.7318 13.9921 12.3617 10.9524 9.7368 8.79986 8.13345 7.79839 7.81311 8.2217 9.08407 10.4362 12.382 14.9484 18.2324 22.3607
0.780578 1.04252 1.42782 1.76062 2.22637 2.65155 3.20911 3.74008 4.40123 5.05265 5.83201 6.61659 7.52527 8.44848 9.48839 10.5434 11.7089 12.8988 14.1936 15.5284 16.9645 18.4467 20.0205 21.6158 23.2618 24.8862 26.5023 28.0395 29.5 30.8126 31.9752 32.9264 33.6548 34.1204 34.3161 34.2145 33.8267 33.1383 32.1783 30.9457 29.4847 27.8125 25.9766 24.0122 21.9736 19.8963 17.8429 15.844 13.9654 12.2238 10.6893 9.35754 8.30723 7.51101 7.06092 6.91235 7.17894 7.80437 8.93519 10.5148 12.6909 15.4011 18.768
0.718832 0.999352 1.36234 1.72503 2.16707 2.61947 3.16154 3.71414 4.36946 5.03829 5.82176 6.62103 7.54326 8.4807 9.54025 10.6129 11.8075 13.0165 14.3591 15.7172 17.2189 18.7384 20.387 22.0292 23.7583 25.4316 27.1363 28.7211 30.2664 31.6201 32.8581 33.8275 34.6179 35.0767 35.3057 35.1729 34.7857 34.0376 33.0456 31.727 30.209 28.4235 26.5148 24.4216 22.2929 20.0832 17.9324 15.8049 13.8256 11.9663 10.3277 8.8909 7.72638 6.83044 6.24298 5.98148 6.05931 6.52511 7.3687 8.67403 10.4095 12.6342 15.3038
0.656763 0.921255 1.30869 1.64751 2.11529 2.54845 3.10942 3.6516 4.32003 4.98724 5.77953 6.58569 7.5144 8.46565 9.53278 10.6236 11.8287 13.0693 14.4226 15.8292 17.3493 18.9284 20.6075 22.3145 24.0786 25.8243 27.5637 29.2222 30.7994 32.2198 33.4772 34.5071 35.2931 35.7937 35.998 35.8779 35.443 34.6804 33.618 32.2592 30.6472 28.8065 26.7828 24.6208 22.3729 20.0839 17.8146 15.6037 13.5137 11.5683 9.82967 8.29972 7.04423 6.03792 5.35665 4.94996 4.91023 5.1644 5.82756 6.80971 8.23421 10.0063 12.1668
0.570746 0.8546 1.21382 1.57918 2.02009 2.47367 3.01633 3.57143 4.23027 4.90454 5.6955 6.50441 7.43887 8.39085 9.46734 10.5611 11.7822 13.0253 14.4095 15.8199 17.3839 18.9766 20.7029 22.4306 24.2479 26.0143 27.8116 29.489 31.1219 32.556 33.8637 34.8882 35.7173 36.1944 36.4211 36.2617 35.8267 35.0052 33.9209 32.4856 30.837 28.9003 26.8329 24.5654 22.262 19.868 17.5386 15.2277 13.0748 11.0379 9.2324 7.62036 6.28562 5.20088 4.41595 3.92043 3.7325 3.86489 4.30718 5.09569 6.1993 7.64842 9.39593
0.48848 0.75084 1.13171 1.47078 1.92982 2.36309 2.91497 3.4578 4.11841 4.78767 5.57439 6.38476 7.31073 8.26863 9.33607 10.4376 11.6503 12.9108 14.2835 15.7235 17.2796 18.9063 20.633 22.3961 24.2154 26.0228 27.8202 29.5401 31.1704 32.6428 33.9385 35.0005 35.8003 36.3043 36.4901 36.3398 35.8508 35.0234 33.8726 32.4181 30.6894 28.7289 26.5683 24.2718 21.8769 19.4477 17.0308 14.682 12.4491 10.3711 8.49312 6.83097 5.43001 4.27642 3.42305 2.82691 2.55437 2.53704 2.85742 3.42865 4.34139 5.50426 6.98383
0.380516 0.660513 1.00965 1.36934 1.79984 2.24559 2.77636 3.32326 3.96951 4.63568 5.41409 6.21534 7.13774 8.08234 9.14739 10.2355 11.4492 12.6923 14.0765 15.4964 17.0706 18.6819 20.4246 22.1763 24.0142 25.8073 27.6269 29.3297 30.9809 32.4329 33.7486 34.7767 35.5967 36.0573 36.2532 36.0541 35.5658 34.6813 33.5231 32.0055 30.267 28.234 26.0667 23.6961 21.2893 18.7918 16.3611 13.9505 11.7008 9.56772 7.66688 5.95586 4.5171 3.31656 2.40052 1.75006 1.3783 1.28597 1.45971 1.91806 2.63221 3.62648 4.8711
0.27839 0.533657 0.899849 1.23158 1.67287 2.09604 2.6282 3.15822 3.79766 4.45185 5.21604 6.00938 6.91117 7.85012 8.89146 9.97309 11.1602 12.4029 13.753 15.1792 16.7178 18.3332 20.0447 21.7973 23.602 25.3993 27.1815 28.8895 30.5012 31.957 33.2274 34.2649 35.03 35.499 35.6392 35.4431 34.898 34.0158 32.8012 31.2861 29.4892 27.4662 25.2371 22.8801 20.4198 17.9348 15.4576 13.0579 10.7689 8.64171 6.70677 4.98897 3.51921 2.29034 1.34057 0.631362 0.214113 0.0251153 0.130084 0.450967 1.06164 1.88444 2.98993
0.150853 0.420581 0.753268 1.0991 1.51044 1.93875 2.44616 2.97262 3.59153 4.23402 4.98116 5.75514 6.64231 7.55529 8.5809 9.63328 10.8052 12.0101 13.3511 14.7316 16.2612 17.8312 19.526 21.2333 23.0203 24.7662 26.5325 28.1852 29.7809 31.1804 32.4385 33.4123 34.1734 34.579 34.7167 34.4642 33.9208 32.9873 31.7799 30.2206 28.4418 26.3765 24.1793 21.7865 19.3601 16.8497 14.4075 11.9903 9.73223 7.59246 5.67841 3.95089 2.48314 1.24345 0.268339 -0.45928 -0.935581 -1.15951 -1.15001 -0.890299 -0.408544 0.320221 1.27199
0.0305723 0.273649 0.618365 0.934999 1.35053 1.75346 2.25564 2.75987 3.36475 3.9873 4.71185 5.46738 6.32375 7.21822 8.20737 9.23797 10.3665 11.5525 12.8376 14.2004 15.6674 17.2117 18.8439 20.5178 22.2368 23.9494 25.6412 27.2614 28.7812 30.1494 31.3302 32.2848 32.9673 33.3625 33.4323 33.1764 32.5772 31.6537 30.4048 28.8689 27.059 25.0365 22.8144 20.477 18.0403 15.5887 13.1459 10.7865 8.53438 6.44428 4.53822 2.84372 1.38233 0.150215 -0.824615 -1.57656 -2.06558 -2.34852 -2.37321 -2.20606 -1.78745 -1.1792 -0.320024
-0.113373 0.140574 0.450986 0.775529 1.15984 1.5614 2.03531 2.5291 3.10753 3.71061 4.40959 5.13673 5.96739 6.82493 7.78492 8.77258 9.86979 10.9997 12.2556 13.5493 14.9816 16.4522 18.0373 19.6337 21.3008 22.9268 24.5669 26.0958 27.5648 28.8434 29.9816 30.8453 31.5014 31.8166 31.8719 31.5556 30.9593 29.9935 28.7663 27.2085 25.4431 23.4113 21.2578 18.9249 16.5651 14.133 11.7705 9.43854 7.2612 5.20134 3.35605 1.68959 0.265887 -0.944452 -1.9124 -2.65425 -3.1709 -3.46285 -3.54984 -3.41874 -3.09482 -2.55573 -1.82065
-0.248501 -0.0222092 0.294862 0.589997 0.972192 1.34641 1.80872 2.27612 2.83352 3.41009 4.07856 4.77804 5.56877 6.39619 7.30888 8.26063 9.30035 10.394 11.5756 12.8298 14.1758 15.5942 17.0891 18.6216 20.1894 21.7493 23.2819 24.7449 26.106 27.3222 28.3557 29.1752 29.7334 30.0215 30.0013 29.6761 29.0287 28.0802 26.8289 25.3137 23.5461 21.5866 19.4454 17.2049 14.8779 12.5452 10.2267 7.99346 5.86514 3.89276 2.0945 0.494765 -0.889164 -2.06229 -3.0021 -3.74123 -4.24744 -4.57221 -4.67368 -4.60961 -4.33181 -3.89181 -3.23747
-0.404634 -0.171454 0.111965 0.40879 0.759616 1.12622 1.55809 2.00853 2.53517 3.08499 3.72116 4.38411 5.13992 5.92119 6.79323 7.69098 8.68529 9.70849 10.8432 12.01 13.2993 14.621 16.0431 17.4715 18.9592 20.4035 21.8542 23.197 24.4777 25.5784 26.5435 27.2517 27.7649 27.9623 27.9176 27.5326 26.8895 25.9108 24.6936 23.1795 21.4792 19.5423 17.5007 15.3032 13.0887 10.8169 8.61596 6.45125 4.43321 2.52911 0.823457 -0.715441 -2.03381 -3.15833 -4.06639 -4.77449 -5.28513 -5.60272 -5.74445 -5.70387 -5.50108 -5.12116 -4.57706
-0.550566 -0.344875 -0.0603064 0.208105 0.550877 0.889511 1.30394 1.72544 2.2248 2.74344 3.34212 3.97039 4.67863 5.42069 6.23698 7.08747 8.01376 8.98695 10.034 11.1435 12.3295 13.5779 14.889 16.23 17.5947 18.9472 20.2663 21.5165 22.6669 23.6803 24.5222 25.1667 25.5703 25.7278 25.6056 25.2079 24.5217 23.5665 22.3435 20.8877 19.212 17.3712 15.3752 13.2993 11.1548 9.01406 6.89526 4.86037 2.92755 1.13933 -0.48723 -1.93455 -3.18655 -4.25206 -5.11145 -5.79659 -6.28165 -6.61284 -6.75772 -6.76628 -6.60122 -6.30574 -5.83786
-0.714144 -0.505644 -0.252522 0.0114375 0.324155 0.649394 1.03299 1.4317 1.89805 2.38373 2.94571 3.53067 4.19746 4.88632 5.6537 6.4424 7.31299 8.20611 9.19341 10.2036 11.3169 12.4535 13.6734 14.8923 16.1568 17.3746 18.5901 19.7021 20.7504 21.6331 22.3882 22.9108 23.2562 23.3198 23.1666 22.7144 22.0339 21.062 19.8827 18.4494 16.8577 15.0671 13.193 11.1919 9.1849 7.13882 5.16313 3.22951 1.43099 -0.259281 -1.77206 -3.13347 -4.3015 -5.29873 -6.10928 -6.74928 -7.22195 -7.53577 -7.70438 -7.72861 -7.62296 -7.38141 -7.01119
-0.866542 -0.683988 -0.43523 -0.197192 0.102027 0.400304 0.761402 1.13063 1.5646 2.01674 2.53584 3.08176 3.69528 4.33895 5.04501 5.779 6.57538 7.40929 8.30164 9.24341 10.244 11.294 12.391 13.5078 14.636 15.7458 16.8171 17.8196 18.7272 19.5069 20.1314 20.5784 20.8115 20.828 20.6012 20.1346 19.4218 18.478 17.31 15.9455 14.4009 12.7216 10.9191 9.05779 7.14926 5.25297 3.38774 1.60212 -0.0848777 -1.64307 -3.05406 -4.30964 -5.39298 -6.31803 -7.06653 -7.66986 -8.1076 -8.42046 -8.5849 -8.64301 -8.5684 -8.39642 -8.09664
-1.03264 -0.851258 -0.630208 -0.402317 -0.130383 0.149602 0.481211 0.823149 1.22397 1.63869 2.11919 2.61715 3.18552 3.77144 4.4239 5.09217 5.82708 6.57675 7.40244 8.24035 9.15977 10.0918 11.088 12.0756 13.0932 14.0615 15.0178 15.8769 16.6712 17.3175 17.8462 18.1711 18.3403 18.2672 18.007 17.4952 16.7897 15.8431 14.724 13.3997 11.9479 10.3394 8.67031 6.90579 5.14684 3.36796 1.65755 -0.00521389 -1.54748 -2.98861 -4.27638 -5.43062 -6.42115 -7.26637 -7.95619 -8.50654 -8.92003 -9.20959 -9.38388 -9.45169 -9.42083 -9.29558 -9.07722
-1.18689 -1.02877 -0.817117 -0.611485 -0.357547 -0.102082 0.203317 0.517103 0.882218 1.26347 1.69789 2.1552 2.66699 3.20481 3.79361 4.40379 5.0629 5.74968 6.47931 7.24481 8.05066 8.89091 9.76312 10.643 11.5234 12.378 13.1905 13.9344 14.5905 15.129 15.5312 15.7779 15.8411 15.7198 15.3954 14.8698 14.1439 13.2281 12.1347 10.8832 9.49405 8.00219 6.4208 4.80206 3.15798 1.5343 -0.0500786 -1.56017 -2.97705 -4.28183 -5.45676 -6.50062 -7.39788 -8.1654 -8.78705 -9.29275 -9.66711 -9.94403 -10.11 -10.1964 -10.1907 -10.1168 -9.96043
-1.35019 -1.19708 -1.00833 -0.817777 -0.587199 -0.353621 -0.0748401 0.208871 0.542784 0.884439 1.28103 1.68853 2.15432 2.63253 3.16615 3.71064 4.30693 4.91066 5.57263 6.23701 6.96131 7.68702 8.45756 9.21273 9.98186 10.7009 11.3981 12.0064 12.5495 12.9639 13.2717 13.4064 13.4078 13.2081 12.8522 12.2933 11.5762 10.6695 9.62574 8.4263 7.13046 5.72042 4.27246 2.76089 1.26531 -0.231329 -1.66251 -3.04163 -4.3155 -5.49692 -6.54939 -7.48753 -8.29155 -8.97566 -9.5356 -9.98519 -10.3279 -10.5788 -10.7422 -10.8339 -10.8548 -10.8193 -10.723
-1.50129 -1.36749 -1.19377 -1.01982 -0.811484 -0.597992 -0.348238 -0.0891354 0.207424 0.518295 0.868188 1.23659 1.64562 2.07553 2.54606 3.03233 3.55584 4.09752 4.6685 5.26248 5.88089 6.51771 7.17365 7.82424 8.46759 9.07672 9.64395 10.1418 10.5622 10.8739 11.0711 11.1327 11.0436 10.7989 10.3934 9.82172 9.09687 8.21958 7.2122 6.08176 4.85685 3.55781 2.20357 0.830315 -0.545373 -1.89555 -3.19728 -4.43218 -5.57899 -6.63073 -7.56953 -8.40266 -9.11249 -9.72127 -10.2118 -10.615 -10.9163 -11.148 -11.299 -11.3966 -11.4348 -11.4321 -11.384
-1.65635 -1.53235 -1.37459 -1.22091 -1.02992 -0.841474 -0.613438 -0.385966 -0.116427 0.154834 0.470425 0.790419 1.15597 1.52825 1.94385 2.36786 2.83027 3.29525 3.80192 4.30435 4.8468 5.38225 5.9429 6.48414 7.02386 7.51572 7.97667 8.35951 8.67634 8.88563 8.99732 8.9674 8.82313 8.5185 8.08407 7.49382 6.77615 5.91817 4.95424 3.88193 2.74056 1.52576 0.292689 -0.973264 -2.21513 -3.43953 -4.60274 -5.70938 -6.72604 -7.65856 -8.4861 -9.2158 -9.84056 -10.3673 -10.8 -11.1462 -11.4157 -11.6171 -11.7583 -11.8541 -11.9049 -11.9284 -11.9188
-1.80072 -1.6912 -1.55245 -1.40979 -1.24314 -1.07038 -0.871676 -0.664895 -0.431477 -0.187258 0.0845788 0.369132 0.682504 1.00936 1.36666 1.73367 2.12992 2.5364 2.96236 3.40053 3.85175 4.3076 4.77167 5.2191 5.65409 6.0491 6.40412 6.69079 6.91071 7.03106 7.05703 6.96582 6.75249 6.4097 5.94227 5.33992 4.62477 3.79087 2.86767 1.85355 0.781962 -0.336597 -1.48116 -2.62643 -3.75518 -4.85193 -5.89395 -6.87386 -7.77203 -8.59 -9.31098 -9.94781 -10.484 -10.9426 -11.3094 -11.6121 -11.8391 -12.018 -12.1433 -12.2346 -12.2941 -12.3318 -12.3559
-1.94474 -1.84698 -1.71866 -1.59838 -1.44407 -1.29689 -1.11514 -0.939167 -0.727859 -0.520841 -0.278047 -0.0375401 0.238175 0.5136 0.821258 1.13234 1.47172 1.80989 2.17859 2.5379 2.92387 3.29623 3.67893 4.03874 4.38687 4.68988 4.95784 5.15739 5.29345 5.33943 5.29788 5.13931 4.8841 4.49992 4.00936 3.39939 2.68902 1.87685 0.987011 0.0261178 -0.97738 -2.02217 -3.06419 -4.11551 -5.13127 -6.11662 -7.03994 -7.90646 -8.69182 -9.40361 -10.0279 -10.5716 -11.0326 -11.4176 -11.7315 -11.9813 -12.1762 -12.3254 -12.4341 -12.5188 -12.5772 -12.6301 -12.6688
-2.07829 -1.99028 -1.88366 -1.76822 -1.63979 -1.50244 -1.35009 -1.18887 -1.01216 -0.82593 -0.623387 -0.411466 -0.182018 0.0558145 0.313507 0.574922 0.857142 1.14408 1.4432 1.74818 2.05882 2.36548 2.6731 2.95687 3.22678 3.45455 3.64695 3.77375 3.84476 3.82406 3.72601 3.52449 3.22311 2.81084 2.30126 1.67907 0.975194 0.17761 -0.676708 -1.59639 -2.54273 -3.51275 -4.4834 -5.43782 -6.35823 -7.23976 -8.05982 -8.82062 -9.50411 -10.1194 -10.6504 -11.1147 -11.4979 -11.8233 -12.0784 -12.2881 -12.4437 -12.5674 -12.6589 -12.73 -12.7899 -12.8404 -12.8988
-2.20728 -2.13349 -2.02997 -1.93952 -1.81651 -1.70569 -1.56347 -1.43237 -1.27087 -1.11924 -0.938514 -0.765715 -0.566004 -0.371887 -0.155134 0.0609646 0.295325 0.525849 0.777418 1.01816 1.2754 1.51835 1.76111 1.98421 2.18907 2.35712 2.48765 2.56281 2.57543 2.51542 2.37225 2.13249 1.80399 1.37017 0.840741 0.219069 -0.4892 -1.26902 -2.10972 -2.98944 -3.89364 -4.80879 -5.70519 -6.58593 -7.4223 -8.21157 -8.939 -9.60394 -10.1971 -10.72 -11.1722 -11.5548 -11.8759 -12.1351 -12.3457 -12.5068 -12.6323 -12.7269 -12.7976 -12.8579 -12.9066 -12.9617 -13.0162
