MatLab_Code/Ut_2D.grd
DSAA
101 101
-2500 2500
-2500 2500
-27.2412 108.971
[rows 56 to 83 of 101, columns 0 to 62 of 101]
-0.106553 -0.0431399 0.0254891 0.0995809 0.179364 0.265044 0.356806 0.454805 0.55917 0.670003 0.787372 0.911307 1.04179 1.17872 1.32192 1.47103 1.62546 1.7843 1.94622 2.10928 2.27083 2.42734 2.5743 2.70604 2.81581 2.89575 2.93708 2.93043 2.86627 2.73548 2.53003 2.24363 1.87241 1.41541 0.874882 0.256351 -0.431547 -1.17747 -1.96796 -2.78812 -3.62242 -4.45544 -5.27259 -6.06066 -6.80833 -7.50636 -8.14779 -8.72788 -9.24402 -9.6956 -10.0838 -10.4112 -10.6818 -10.9006 -11.0733 -11.2063 -11.3061 -11.3795 -11.4331 -11.4736 -11.5073 -11.5404 -11.5787
-0.230127 -0.176766 -0.119193 -0.0572907 0.00902206 0.0797875 0.155007 0.234643 0.318622 0.406838 0.499167 0.595471 0.695606 0.799418 0.906733 1.01733 1.13086 1.24681 1.36435 1.4822 1.59845 1.7104 1.81437 1.90555 1.97786 2.02401 2.03551 2.00304 1.91681 1.76725 1.54577 1.24554 0.862364 0.395228 -0.153262 -0.776819 -1.4657 -2.2072 -2.98641 -3.78708 -4.59257 -5.38682 -6.15519 -6.88509 -7.5664 -8.19168 -8.75607 -9.25713 -9.69449 -10.0696 -10.3851 -10.6452 -10.8545 -11.0186 -11.1434 -11.2351 -11.3 -11.3443 -11.3744 -11.3962 -11.4157 -11.4384 -11.4698
-0.345416 -0.300906 -0.253021 -0.20176 -0.147176 -0.0893801 -0.028543 0.0351061 0.101291 0.169701 0.240017 0.311934 0.385192 0.459602 0.53506 0.611543 0.689079 0.767675 0.847199 0.927229 1.00686 1.08446 1.15742 1.22187 1.27253 1.3025 1.30331 1.2651 1.17707 1.0282 0.808205 0.50862 0.123895 -0.347729 -0.903673 -1.53689 -2.23615 -2.98674 -3.77135 -4.57131 -5.36776 -6.14294 -6.88127 -7.57013 -8.20031 -8.76605 -9.26476 -9.6965 -10.0634 -10.3692 -10.6184 -10.8166 -10.9695 -11.083 -11.1634 -11.2165 -11.2486 -11.2653 -11.2724 -11.2754 -11.2794 -11.2896 -11.3107
-0.45191 -0.414946 -0.375258 -0.332943 -0.288172 -0.241199 -0.192363 -0.142084 -0.0908496 -0.0391895 0.0123603 0.0633076 0.113263 0.161999 0.209509 0.256039 0.302086 0.348359 0.395668 0.444748 0.496005 0.54922 0.603192 0.655339 0.701306 0.734639 0.746591 0.726179 0.660592 0.536033 0.338977 0.0577169 -0.31604 -0.785845 -1.34967 -1.9997 -2.72269 -3.50092 -4.31341 -5.13747 -5.95042 -6.73128 -7.4623 -8.13002 -8.72579 -9.24561 -9.68952 -10.0606 -10.3641 -10.6063 -10.7942 -10.9347 -11.0348 -11.1011 -11.1397 -11.1567 -11.1576 -11.148 -11.1327 -11.1168 -11.1047 -11.1007 -11.109
-0.549208 -0.518385 -0.485276 -0.450054 -0.412992 -0.374473 -0.334999 -0.295188 -0.255755 -0.217483 -0.181168 -0.147544 -0.117181 -0.0903828 -0.0670691 -0.0466861 -0.0281514 -0.00986698 0.0101822 0.0342447 0.0645134 0.102715 0.149605 0.204396 0.264108 0.322939 0.371744 0.397801 0.385085 0.315227 0.169229 -0.0702405 -0.416375 -0.876092 -1.4487 -2.12558 -2.89074 -3.72204 -4.59295 -5.47459 -6.33804 -7.15685 -7.90926 -8.57982 -9.16011 -9.64822 -10.0476 -10.3654 -10.6107 -10.7933 -10.9231 -11.0088 -11.0587 -11.0799 -11.0789 -11.0614 -11.0328 -10.9978 -10.9608 -10.9261 -10.8974 -10.8783 -10.8723
-0.637025 -0.61084 -0.582562 -0.552415 -0.520746 -0.488052 -0.454991 -0.422384 -0.391206 -0.362544 -0.337529 -0.317231 -0.30251 -0.293844 -0.291133 -0.293525 -0.299275 -0.305694 -0.309204 -0.305549 -0.290153 -0.258619 -0.207389 -0.134578 -0.040963 0.0689329 0.185763 0.294571 0.374678 0.400671 0.344748 0.180261 -0.114242 -0.551497 -1.13337 -1.85041 -2.68275 -3.60199 -4.57343 -5.55877 -6.51929 -7.41958 -8.23104 -8.9346 -9.52164 -9.99318 -10.3575 -10.6275 -10.8178 -10.9428 -11.0157 -11.0479 -11.0488 -11.0263 -10.987 -10.9365 -10.8793 -10.8199 -10.7618 -10.7086 -10.6632 -10.6287 -10.6076
-0.715201 -0.692058 -0.666733 -0.63946 -0.610631 -0.580825 -0.55084 -0.521712 -0.494705 -0.471285 -0.45303 -0.441499 -0.438025 -0.443449 -0.457817 -0.480061 -0.507738 -0.536863 -0.561924 -0.576056 -0.571449 -0.539982 -0.474082 -0.367819 -0.218326 -0.0275255 0.1959 0.434683 0.661933 0.84182 0.932709 0.892735 0.686654 0.291946 -0.297633 -1.07165 -2.00484 -3.05994 -4.19055 -5.34444 -6.46774 -7.5105 -8.43265 -9.20875 -9.82973 -10.3011 -10.6389 -10.8644 -11.0001 -11.0668 -11.0821 -11.0601 -11.0121 -10.9464 -10.8695 -10.7867 -10.7021 -10.619 -10.5406 -10.4693 -10.4076 -10.3576 -10.3212
-0.78372 -0.761935 -0.737552 -0.710761 -0.681944 -0.65172 -0.620997 -0.591014 -0.563365 -0.539976 -0.523031 -0.5148 -0.517378 -0.532298 -0.560063 -0.599628 -0.647924 -0.699511 -0.746449 -0.77848 -0.783499 -0.748281 -0.659511 -0.505165 -0.276387 0.029962 0.408006 0.839153 1.28905 1.707 2.02975 2.19049 2.13091 1.81226 1.22126 0.369846 -0.708922 -1.96557 -3.33767 -4.75288 -6.13397 -7.40728 -8.51334 -9.41588 -10.1052 -10.5945 -10.9124 -11.0935 -11.1716 -11.1763 -11.1308 -11.0527 -10.9545 -10.8452 -10.731 -10.6166 -10.5051 -10.3993 -10.3012 -10.2127 -10.1352 -10.0702 -10.0188
-0.842724 -0.820542 -0.79496 -0.766056 -0.734122 -0.699742 -0.663871 -0.62792 -0.593823 -0.564062 -0.541612 -0.529772 -0.53183 -0.550537 -0.587408 -0.64189 -0.710544 -0.786393 -0.858605 -0.912584 -0.930482 -0.892108 -0.776114 -0.561529 -0.229967 0.230975 0.822622 1.52842 2.30675 3.08673 3.77162 4.25307 4.4334 4.2468 3.66956 2.71717 1.43443 -0.113058 -1.84218 -3.65288 -5.43227 -7.0673 -8.46473 -9.56943 -10.3714 -10.8982 -11.1998 -11.3318 -11.3451 -11.2807 -11.1689 -11.0308 -10.8803 -10.7265 -10.5751 -10.4295 -10.292 -10.1644 -10.0476 -9.94256 -9.85012 -9.77089 -9.7054
-0.892542 -0.868153 -0.839121 -0.805309 -0.766806 -0.724038 -0.677893 -0.629866 -0.5822 -0.537995 -0.501231 -0.476635 -0.469307 -0.484037 -0.524282 -0.590871 -0.680622 -0.785149 -0.890163 -0.975494 -1.01577 -0.981499 -0.84037 -0.558743 -0.103773 0.552768 1.42747 2.5139 3.7676 5.0928 6.34134 7.33441 7.9053 7.94262 7.409 6.32987 4.76915 2.81246 0.566079 -1.83474 -4.22334 -6.41984 -8.27006 -9.68521 -10.6569 -11.2407 -11.5236 -11.5952 -11.5307 -11.3865 -11.2006 -10.9976 -10.7923 -10.5929 -10.4041 -10.228 -10.0655 -9.91701 -9.78263 -9.6623 -9.55598 -9.4636 -9.38507
-0.933713 -0.905292 -0.870481 -0.828787 -0.779936 -0.724011 -0.661636 -0.594207 -0.524147 -0.455158 -0.392407 -0.342519 -0.313246 -0.312641 -0.347626 -0.421984 -0.534034 -0.674508 -0.825222 -0.958896 -1.04014 -1.02712 -0.873076 -0.527371 0.0633848 0.952402 2.18479 3.78069 5.70723 7.84491 9.96931 11.7797 12.9835 13.3909 12.9515 11.7191 9.79143 7.27645 4.29802 1.02801 -2.28901 -5.35695 -7.90688 -9.78774 -10.9999 -11.6549 -11.9062 -11.8963 -11.7349 -11.4963 -11.2269 -10.9537 -10.6909 -10.4453 -10.2194 -10.0137 -9.82743 -9.65953 -9.50893 -9.37461 -9.25571 -9.15148 -9.06125
-0.967015 -0.932775 -0.889831 -0.837158 -0.773892 -0.699501 -0.614033 -0.518451 -0.415052 -0.307951 -0.20355 -0.110833 -0.0412576 -0.00790451 -0.0235849 -0.097789 -0.232797 -0.419807 -0.636305 -0.845697 -0.999173 -1.0386 -0.89874 -0.507641 0.214805 1.35752 3.01288 5.25654 8.1017 11.4256 14.9005 18.0129 20.2317 21.2284 20.9555 19.5423 17.151 13.9087 9.93145 5.40799 0.685478 -3.73564 -7.36207 -9.92456 -11.4545 -12.1786 -12.3665 -12.2415 -11.9571 -11.6072 -11.2447 -10.8966 -10.5747 -10.283 -10.0213 -9.78758 -9.57923 -9.39364 -9.22848 -9.08175 -8.95178 -8.83718 -8.73674
-0.993493 -0.951756 -0.898391 -0.831613 -0.749672 -0.651037 -0.534707 -0.40066 -0.250481 -0.0881726 0.0789039 0.239146 0.376238 0.469676 0.497009 0.438321 0.282766 0.0356924 -0.276144 -0.603589 -0.878815 -1.02152 -0.943476 -0.548166 0.275046 1.65949 3.7654 6.7653 10.7841 15.763 21.2666 26.4178 30.2208 32.0989 32.0674 30.4401 27.4993 23.3791 18.126 11.874 5.073 -1.42533 -6.67948 -10.1943 -12.097 -12.8484 -12.9132 -12.6254 -12.1876 -11.7098 -11.2464 -10.8208 -10.4402 -10.1042 -9.80903 -9.54977 -9.3217 -9.1206 -8.94286 -8.78552 -8.64617 -8.52282 -8.41379
-1.01448 -0.963772 -0.897883 -0.813997 -0.709097 -0.580151 -0.424433 -0.240087 -0.0269699 0.212104 0.46974 0.732061 0.977 1.1737 1.28451 1.27107 1.10521 0.782353 0.332583 -0.176866 -0.649518 -0.973319 -1.03116 -0.701141 0.155698 1.71682 4.22155 7.97873 13.316 20.3795 28.7051 36.8519 42.9461 45.9818 46.2017 44.3073 40.779 35.7317 29.0408 20.6336 10.9757 1.46775 -6.08789 -10.7884 -13.0201 -13.684 -13.5319 -13.0245 -12.4045 -11.787 -11.22 -10.7186 -10.2827 -9.90637 -9.58144 -9.30009 -9.05534 -8.84135 -8.65332 -8.48741 -8.34051 -8.21012 -8.09417
-1.03158 -0.970765 -0.890595 -0.78693 -0.655039 -0.489751 -0.28572 -0.0380428 0.256744 0.598936 0.983176 1.39496 1.8067 2.17434 2.4374 2.52594 2.378 1.96517 1.31684 0.527784 -0.257971 -0.878445 -1.17855 -1.01383 -0.229267 1.37895 4.11322 8.41959 14.8845 24.0206 35.5373 47.3006 56.0533 60.1895 60.4749 58.2302 54.1756 48.3707 40.4317 29.8985 17.0424 3.93978 -6.23791 -12.0033 -14.2886 -14.6541 -14.1701 -13.3926 -12.574 -11.8159 -11.1507 -10.5807 -10.0968 -9.68645 -9.33722 -9.03826 -8.78054 -8.55671 -8.36096 -8.18865 -8.03614 -7.90048 -7.77929
-1.0467 -0.975082 -0.879411 -0.7539 -0.591608 -0.38449 -0.123468 0.201012 0.598014 1.07401 1.6295 2.25344 2.91571 3.55817 4.08864 4.38508 4.3209 3.81359 2.88002 1.6597 0.381979 -0.705114 -1.39199 -1.51895 -0.940452 0.533631 3.21306 7.60426 14.4652 24.6354 38.1081 52.2285 62.4627 66.7983 66.6866 64.0136 59.6371 53.5368 45.1079 33.5234 18.744 3.35135 -8.21566 -14.0682 -15.8295 -15.6367 -14.7295 -13.6633 -12.6542 -11.7711 -11.0235 -10.3987 -9.87777 -9.44212 -9.07544 -8.76423 -8.49775 -8.26746 -8.06674 -7.89034 -7.7342 -7.59504 -7.47025
-1.06195 -0.979429 -0.867788 -0.719279 -0.524269 -0.271048 0.05443 0.468311 0.988213 1.63116 2.40967 3.32408 4.35017 5.42084 6.40606 7.10339 7.26612 6.69162 5.34917 3.4531 1.39794 -0.407532 -1.66991 -2.22959 -1.99224 -0.83944 1.46142 5.3365 11.4673 20.6474 32.8866 45.5513 54.1944 57.1338 56.1204 53.054 48.6939 42.957 35.2258 24.6695 11.2059 -2.6152 -12.4426 -16.7107 -17.3269 -16.4169 -15.0832 -13.7651 -12.6055 -11.631 -10.8267 -10.1662 -9.62253 -9.17218 -8.79593 -8.47842 -8.20774 -7.97454 -7.77166 -7.59348 -7.43567 -7.29474 -7.16794
-1.07957 -0.986779 -0.85965 -0.688236 -0.459802 -0.158232 0.236706 0.749831 1.4107 2.25241 3.30809 4.60228 6.13378 7.84463 9.57394 11.0099 11.6931 11.1594 9.23392 6.2563 2.95716 0.0586466 -2.01615 -3.14461 -3.34816 -2.64579 -0.959906 1.93364 6.41354 12.8522 20.9661 28.7425 33.3124 33.8981 31.9061 28.6779 24.7122 19.9236 13.9017 6.19236 -3.01052 -11.7815 -17.3398 -19.0061 -18.3117 -16.7684 -15.1227 -13.6456 -12.4025 -11.3833 -10.5548 -9.88125 -9.33079 -8.87716 -8.49962 -8.18194 -7.91164 -7.67906 -7.47679 -7.29908 -7.14147 -7.00039 -6.87307
-1.10184 -1.00022 -0.8592 -0.666511 -0.406047 -0.0567481 0.408808 1.02596 1.83952 2.90451 4.28486 6.04649 8.23856 10.8508 13.7302 16.4525 18.2193 18.0211 15.2819 10.5392 5.23042 0.695464 -2.46575 -4.2642 -4.93809 -4.70866 -3.69256 -1.8976 0.726845 4.1368 7.86256 10.7389 11.5741 10.3083 7.79065 4.74992 1.46044 -2.11005 -6.11605 -10.6218 -15.2528 -18.9253 -20.5216 -20.0562 -18.4631 -16.5766 -14.8076 -13.2921 -12.043 -11.0296 -10.2106 -9.5468 -9.00529 -8.5595 -8.18863 -7.8766 -7.61102 -7.38236 -7.1833 -7.00813 -6.85244 -6.71272 -6.5862
-1.13091 -1.02274 -0.870641 -0.660038 -0.371411 0.0214356 0.553659 1.27229 2.23982 3.53804 5.27107 7.56412 10.5501 14.3245 18.8282 23.5953 27.3833 28.1523 24.3357 16.7381 8.25404 1.38424 -3.11423 -5.60369 -6.68529 -6.83718 -6.36644 -5.46043 -4.26779 -3.00474 -2.0603 -1.95177 -2.98552 -4.97235 -7.43887 -10.0081 -12.5157 -14.9332 -17.2549 -19.3802 -21.009 -21.6927 -21.1808 -19.7116 -17.8064 -15.8912 -14.1793 -12.7344 -11.5479 -10.5847 -9.80443 -9.17035 -8.65158 -8.22333 -7.86614 -7.56486 -7.30783 -7.08601 -6.89242 -6.72164 -6.5694 -6.43236 -6.30781
-1.16861 -1.05701 -0.897823 -0.674433 -0.364134 0.0641479 0.653167 1.46172 2.57075 4.0909 6.17181 9.01 12.8488 17.9453 24.4426 31.9889 38.9146 41.573 36.4395 24.6122 11.61 1.79693 -4.11733 -7.18616 -8.52129 -8.88195 -8.73206 -8.36191 -7.98788 -7.82192 -8.09149 -8.9746 -10.4779 -12.4023 -14.4663 -16.4479 -18.2248 -19.7352 -20.9197 -21.6745 -21.8468 -21.3105 -20.0959 -18.4286 -16.6092 -14.8706 -13.333 -12.0311 -10.9541 -10.0723 -9.35219 -8.76268 -8.27719 -7.87406 -7.53606 -7.24965 -7.00428 -6.7917 -6.60549 -6.44062 -6.29312 -6.15987 -6.03831
-1.21632 -1.10508 -0.943858 -0.714415 -0.391406 0.0603741 0.690345 1.56783 2.79078 4.49698 6.88014 10.2077 14.8375 21.2051 29.7047 40.2033 50.6936 55.6467 48.9823 32.1759 14.1639 1.45087 -5.61457 -9.00475 -10.3796 -10.7493 -10.6856 -10.5208 -10.4687 -10.6854 -11.2811 -12.292 -13.6506 -15.2003 -16.759 -18.1779 -19.3576 -20.2314 -20.7406 -20.8215 -20.4205 -19.5348 -18.2512 -16.735 -15.1681 -13.6894 -12.3745 -11.2478 -10.303 -9.51939 -8.8718 -8.33598 -7.89055 -7.51763 -7.20269 -6.93412 -6.7027 -6.50117 -6.32379 -6.16605 -6.02433 -5.89576 -5.77801
-1.27476 -1.16817 -1.01075 -0.783236 -0.458471 0.00169567 0.65165 1.5688 2.86446 4.69816 7.29914 10.9921 16.2264 23.5768 33.6242 46.372 59.4727 65.8513 57.5305 36.5749 14.7398 0.0551222 -7.59881 -10.9818 -12.1821 -12.3853 -12.2209 -12.026 -11.9873 -12.2091 -12.7352 -13.5493 -14.575 -15.695 -16.7834 -17.733 -18.4645 -18.9205 -19.0577 -18.8455 -18.2767 -17.3839 -16.2473 -14.9798 -13.6954 -12.482 -11.3908 -10.4416 -9.63269 -8.95142 -8.38049 -7.90212 -7.49999 -7.15997 -6.87031 -6.62136 -6.40537 -6.21611 -6.04859 -5.89884 -5.76366 -5.64046 -5.52716
-1.34394 -1.2465 -1.09912 -0.88221 -0.567868 -0.116487 0.529019 1.45081 2.76843 4.65518 7.363 11.2525 16.8271 24.7345 35.6277 49.4939 63.6514 70.1806 60.4088 37.038 13.2828 -2.19905 -9.87429 -12.9731 -13.8395 -13.756 -13.3724 -13.0112 -12.8284 -12.8896 -13.2037 -13.7351 -14.4138 -15.15 -15.8521 -16.4401 -16.8523 -17.044 -16.9862 -16.6665 -16.0943 -15.3057 -14.3618 -13.3384 -12.309 -11.3311 -10.4406 -9.65375 -8.97217 -8.38889 -7.89277 -7.47143 -7.11289 -6.80642 -6.54279 -6.31424 -6.1144 -5.93807 -5.78102 -5.63981 -5.51168 -5.39434 -5.28595
-1.42305 -1.33915 -1.208 -1.01044 -0.718957 -0.294177 0.321157 1.21017 2.49488 4.3536 7.04731 10.9513 16.5897 24.6316 35.7324 49.8139 63.998 70.0883 59.3697 34.9722 10.6399 -4.84478 -12.1727 -14.8207 -15.2671 -14.8382 -14.1808 -13.5949 -13.2075 -13.0568 -13.1315 -13.3888 -13.7663 -14.1925 -14.5972 -14.9196 -15.1116 -15.1397 -14.9843 -14.6413 -14.1232 -13.4598 -12.6949 -11.8791 -11.0606 -10.278 -9.55689 -8.91017 -8.34113 -7.84655 -7.41962 -7.05202 -6.73528 -6.46143 -6.22343 -6.01519 -5.8316 -5.66839 -5.52203 -5.38965 -5.26884 -5.15766 -5.05448
-1.51049 -1.44412 -1.33486 -1.16475 -0.907806 -0.526562 0.0338769 0.853818 2.05205 3.80353 6.36615 10.113 15.5674 23.3972 34.2518 48.0333 61.8332 67.4599 56.3118 31.7153 7.53316 -7.51635 -14.2903 -16.4042 -16.4013 -15.6171 -14.6803 -13.8639 -13.2686 -12.9118 -12.7691 -12.7945 -12.9314 -13.1204 -13.3055 -13.4387 -13.4824 -13.4108 -13.2102 -12.8791 -12.4282 -11.8797 -11.2638 -10.6143 -9.96339 -9.3372 -8.75399 -8.22402 -7.75094 -7.33373 -6.96845 -6.6497 -6.37161 -6.12841 -5.91483 -5.72619 -5.55844 -5.40814 -5.27243 -5.14889 -5.03551 -4.93061 -4.83281
-1.60396 -1.55838 -1.47573 -1.33989 -1.12744 -0.804358 -0.320419 0.398369 1.46238 3.03561 5.3623 8.79991 13.8566 21.1924 31.4676 44.6318 57.8757 63.1511 51.9904 27.7603 4.22829 -10.0625 -16.1241 -17.6521 -17.2019 -16.0854 -14.8968 -13.8773 -13.1023 -12.572 -12.2529 -12.0972 -12.0524 -12.0671 -12.095 -12.097 -12.0429 -11.9122 -11.6942 -11.3878 -11.0007 -10.5482 -10.0508 -9.5311 -9.01071 -8.50754 -8.03461 -7.59984 -7.20671 -6.85535 -6.54364 -6.26815 -6.02489 -5.80976 -5.61888 -5.44867 -5.296 -5.15815 -5.03278 -4.91792 -4.81189 -4.71329 -4.62092
-1.70061 -1.67814 -1.62547 -1.52892 -1.36841 -1.11461 -0.723893 -0.131556 0.759823 2.09642 4.09886 7.0954 11.5633 18.1427 27.512 39.722 52.1825 57.138 46.3178 23.0153 0.683544 -12.4678 -17.6304 -18.5222 -17.6444 -16.2411 -14.8507 -13.6753 -12.7651 -12.1056 -11.6563 -11.3687 -11.1936 -11.0855 -11.0046 -10.9183 -10.8016 -10.6376 -10.4172 -10.1385 -9.80655 -9.43132 -9.02647 -8.60707 -8.18762 -7.78044 -7.39483 -7.03679 -6.70935 -6.41316 -6.14719 -5.90932 -5.69688 -5.50698 -5.33678 -5.18361 -5.04505 -4.91895 -4.80347 -4.69698 -4.59812 -4.50569 -4.41871
