MatLab_Code/Ut_2D.grd
DSAA
101 101
-2500 2500
-2500 2500
-27.2412 108.971
[rows 0 to 27 of 101, columns 0 to 62 of 101]
0.9214 0.989362 1.05911 1.13056 1.20358 1.27805 1.3538 1.43063 1.50832 1.58662 1.66524 1.74385 1.82211 1.89963 1.976 2.05075 2.12343 2.19352 2.2605 2.32384 2.38299 2.43739 2.48651 2.52981 2.56678 2.59694 2.61986 2.63515 2.6425 2.64164 2.63242 2.61474 2.58862 2.55416 2.51156 2.46112 2.40326 2.33847 2.26733 2.1905 2.10872 2.02276 1.93346 1.84167 1.74823 1.65398 1.55975 1.46629 1.37428 1.28435 1.19699 1.11258 1.03139 0.953531 0.878976 0.80755 0.738931 0.672657 0.608134 0.544657 0.481424 0.417565 0.35217
0.991292 1.06443 1.13965 1.21686 1.29597 1.37682 1.45925 1.54307 1.62804 1.71389 1.80032 1.88698 1.9735 2.05946 2.1444 2.22782 2.3092 2.38798 2.46358 2.53538 2.60278 2.66514 2.72184 2.77227 2.81584 2.85198 2.88019 2.90002 2.91107 2.91305 2.90573 2.88899 2.86284 2.82736 2.78277 2.72942 2.66774 2.5983 2.52176 2.43888 2.35049 2.2575 2.16087 2.06158 1.96062 1.85898 1.7576 1.65739 1.55916 1.46361 1.37136 1.28286 1.19842 1.11817 1.0421 0.969993 0.901456 0.835933 0.772701 0.710895 0.649531 0.587532 0.523764
1.06351 1.14215 1.22321 1.30661 1.39224 1.47996 1.56962 1.661 1.75387 1.84794 1.9429 2.03838 2.13397 2.22922 2.32362 2.41665 2.50771 2.59619 2.68142 2.76274 2.83943 2.91079 2.9761 3.03465 3.08577 3.1288 3.16314 3.18825 3.20368 3.20904 3.20407 3.1886 3.16261 3.12618 3.07954 3.02306 2.95724 2.8827 2.8002 2.71061 2.61488 2.51406 2.40926 2.30162 2.19229 2.08244 1.97317 1.86553 1.7605 1.65892 1.5615 1.46881 1.3812 1.29887 1.22178 1.14968 1.08213 1.01843 0.957734 0.898975 0.840947 0.782324 0.721699
1.13801 1.22251 1.30979 1.3998 1.49242 1.58754 1.68497 1.78453 1.88596 1.98897 2.09323 2.19835 2.3039 2.40937 2.51424 2.6179 2.71971 2.81899 2.915 3.00698 3.09414 3.17567 3.25074 3.31855 3.3783 3.42925 3.47068 3.50196 3.52252 3.53193 3.52983 3.51603 3.49044 3.45315 3.4044 3.34459 3.27426 3.19412 3.10503 3.00798 2.90407 2.79451 2.68058 2.5636 2.44493 2.32593 2.20789 2.09206 1.97959 1.87148 1.76861 1.67162 1.58099 1.49694 1.41946 1.34827 1.28282 1.22232 1.16573 1.11176 1.05894 1.00564 0.950119
1.21471 1.30543 1.39935 1.4964 1.59651 1.69955 1.80537 1.91375 2.02445 2.13717 2.25156 2.36722 2.48366 2.60038 2.71677 2.8322 2.94594 3.05725 3.16531 3.26925 3.36818 3.46118 3.54732 3.62567 3.6953 3.75534 3.80496 3.8434 3.87 3.88422 3.88562 3.87394 3.84906 3.81104 3.76013 3.69675 3.62151 3.53522 3.43883 3.33348 3.22044 3.10109 2.97692 2.84948 2.72035 2.59111 2.4633 2.33839 2.21773 2.10255 1.99387 1.89251 1.79904 1.71376 1.63668 1.56748 1.50555 1.44995 1.39943 1.35245 1.30722 1.26173 1.21384
1.29353 1.39084 1.49179 1.59636 1.70447 1.816 1.93082 2.04871 2.16943 2.29268 2.41809 2.54523 2.67361 2.80266 2.93176 3.06018 3.18716 3.31185 3.43334 3.55068 3.66285 3.7688 3.86747 3.9578 4.03871 4.10918 4.16825 4.21501 4.24869 4.2686 4.27423 4.26523 4.24143 4.20285 4.14974 4.08256 4.00198 3.90891 3.80442 3.68982 3.56655 3.43623 3.30057 3.16137 3.02047 2.87975 2.741 2.60597 2.47628 2.35338 2.23851 2.13269 2.03662 1.95069 1.87497 1.80913 1.75246 1.70387 1.66188 1.62464 1.58999 1.55548 1.51845
1.37434 1.47861 1.58703 1.69958 1.81622 1.93683 2.0613 2.18942 2.32096 2.4556 2.59297 2.73263 2.87405 3.01663 3.15969 3.30245 3.44408 3.58364 3.72012 3.85244 3.97947 4.10002 4.21288 4.31681 4.41059 4.49302 4.56298 4.6194 4.66134 4.68799 4.69871 4.69304 4.67076 4.63184 4.57653 4.5053 4.41891 4.31836 4.20488 4.07994 3.94521 3.80255 3.65394 3.50149 3.34734 3.19368 3.04265 2.8963 2.75657 2.62519 2.5037 2.39331 2.29492 2.20908 2.1359 2.07506 2.02578 1.98679 1.95637 1.93231 1.912 1.89246 1.87041
1.45699 1.5686 1.68492 1.80594 1.93164 2.06195 2.19675 2.33585 2.47903 2.62598 2.77632 2.92958 3.08522 3.24261 3.401 3.55958 3.71741 3.87346 4.02663 4.1757 4.31939 4.45638 4.58526 4.70464 4.81308 4.90922 4.99171 5.0593 5.11088 5.14547 5.16228 5.16074 5.14052 5.10154 5.04404 4.96853 4.87581 4.76701 4.64352 4.50703 4.35943 4.20288 4.03967 3.87224 3.70311 3.53484 3.36994 3.21087 3.05992 2.9192 2.79053 2.67545 2.5751 2.49019 2.42095 2.3671 2.32779 2.30159 2.28648 2.27986 2.27859 2.27905 2.27723
1.54129 1.66063 1.78527 1.91526 2.05059 2.19121 2.33704 2.48791 2.6436 2.80382 2.96817 3.1362 3.30733 3.48089 3.6561 3.83207 4.00778 4.18211 4.35382 4.52158 4.68395 4.83942 4.98639 5.12327 5.24841 5.36021 5.45711 5.53763 5.60044 5.64436 5.66844 5.67194 5.65442 5.61576 5.55612 5.47606 5.37647 5.25857 5.12395 4.97452 4.81246 4.64023 4.46051 4.27613 4.09003 3.90519 3.72461 3.55117 3.38762 3.23649 3.10002 2.98008 2.87813 2.79514 2.73151 2.68701 2.66078 2.65121 2.65599 2.67207 2.6957 2.72248 2.74751
1.62703 1.75447 1.88788 2.02732 2.17284 2.32442 2.48199 2.64544 2.81454 2.98902 3.16851 3.35253 3.54048 3.73168 3.92528 4.12034 4.31576 4.5103 4.70261 4.8912 5.07445 5.25066 5.41803 5.57472 5.71884 5.84853 5.96196 6.0574 6.13326 6.18813 6.22083 6.23047 6.21644 6.17853 6.11687 6.03203 5.92495 5.79702 5.65 5.48607 5.30774 5.11783 4.91942 4.71581 4.51043 4.30678 4.10837 3.91864 3.74085 3.57806 3.43298 3.30794 3.20481 3.12486 3.06875 3.03641 3.02695 3.03865 3.06889 3.11411 3.16989 3.23091 3.29117
1.71393 1.84985 1.99245 2.14185 2.29812 2.4613 2.63136 2.8082 2.99164 3.18143 3.37721 3.57849 3.78469 3.99507 4.20876 4.42474 4.64182 4.85868 5.07381 5.28555 5.49212 5.69159 5.88191 6.06099 6.22665 6.37673 6.5091 6.62173 6.71273 6.7804 6.82332 6.84036 6.83076 6.79416 6.73065 6.64078 6.52559 6.38658 6.22578 6.04561 5.84895 5.63905 5.41946 5.19402 4.9667 4.74163 4.52292 4.31463 4.12066 3.94468 3.79001 3.65953 3.5556 3.47995 3.43356 3.4166 3.42828 3.46679 3.52921 3.61147 3.70833 3.81346 3.91951
1.80171 1.94647 2.09868 2.25851 2.4261 2.60153 2.7848 2.97588 3.17461 3.38078 3.59404 3.81393 4.03984 4.27104 4.5066 4.74545 4.98631 5.22774 5.46809 5.70555 5.9381 6.16358 6.37968 6.58401 6.77407 6.94736 7.1014 7.2338 7.34231 7.42492 7.47989 7.50583 7.50175 7.46716 7.40203 7.30693 7.18294 7.03175 6.85558 6.65721 6.43992 6.20743 5.96384 5.71357 5.46128 5.21176 4.96985 4.74035 4.52791 4.33691 4.1714 4.03496 3.93058 3.86055 3.82635 3.8285 3.86641 3.93827 4.04092 4.16977 4.31872 4.48022 4.64533
1.89002 2.04396 2.20618 2.37693 2.55639 2.74469 2.94192 3.14807 3.36305 3.58669 3.81866 4.05853 4.30571 4.55942 4.81874 5.08252 5.3494 5.61783 5.88601 6.15193 6.41336 6.66787 6.91288 7.14563 7.36327 7.56292 7.74168 7.89676 8.02549 8.12548 8.19461 8.23118 8.23394 8.20218 8.13578 8.03526 7.90177 7.73716 7.54391 7.32517 7.08465 6.82662 6.55581 6.27732 5.99655 5.71911 5.45065 5.19683 4.96317 4.75495 4.57705 4.43389 4.32928 4.26625 4.24694 4.27238 4.34236 4.45523 4.60769 4.79465 5.00911 5.24214 5.48295
1.97848 2.1419 2.31453 2.49664 2.68849 2.8903 3.1022 3.32426 3.55646 3.79866 4.05059 4.31186 4.58188 4.85989 5.14492 5.4358 5.73108 6.02908 6.32786 6.62521 6.91867 7.20552 7.48283 7.7475 7.99625 8.22575 8.43266 8.61369 8.76571 8.88585 8.97157 9.02077 9.0319 9.00399 8.93676 8.83068 8.68696 8.5076 8.29538 8.05384 7.78719 7.50032 7.19865 6.88808 6.57485 6.26548 5.96659 5.68483 5.42672 5.19858 5.00632 4.85539 4.75058 4.69588 4.69429 4.74764 4.85632 5.01904 5.23254 5.49137 5.78763 6.11088 6.44815
2.06663 2.23985 2.42321 2.61711 2.82186 3.03777 3.26504 3.50384 3.75419 4.01605 4.2892 4.57328 4.86776 5.17189 5.48468 5.80491 6.13107 6.46137 6.79371 7.12567 7.45453 7.77728 8.09061 8.39101 8.67475 8.93799 9.17685 9.3875 9.56625 9.70968 9.81475 9.8789 9.90017 9.87731 9.80983 9.69811 9.5434 9.34788 9.11462 8.8476 8.55161 8.23219 7.89558 7.54856 7.19834 6.85247 6.51868 6.20475 5.91839 5.6671 5.45802 5.29781 5.1925 5.14729 5.16634 5.25256 5.40726 5.62984 5.91742 6.26437 6.66204 7.09839 7.55797
2.15402 2.33727 2.53169 2.73775 2.95587 3.18643 3.42974 3.68605 3.95548 4.23806 4.53367 4.842 5.16257 5.49465 5.83728 6.1892 6.54883 6.91427 7.28327 7.65321 8.02108 8.38355 8.73692 9.0772 9.40017 9.70141 9.97643 10.2208 10.4301 10.6004 10.7279 10.8096 10.8431 10.8267 10.7597 10.6423 10.4759 10.2627 10.0061 9.71071 9.3818 9.02574 8.64963 8.26125 7.86892 7.48136 7.10756 6.75658 6.43749 6.15916 5.93018 5.75865 5.65208 5.61719 5.65966 5.78386 5.99248 6.28607 6.66256 7.1166 7.63901 8.21625 8.83011
2.24011 2.4336 2.63934 2.8579 3.08979 3.33551 3.59547 3.87002 4.15941 4.46375 4.78301 5.11699 5.46527 5.82716 6.20173 6.5877 6.98345 7.38699 7.79589 8.20733 8.61804 9.02429 9.42199 9.80664 10.1734 10.5173 10.8331 11.1156 11.3598 11.5608 11.7144 11.8167 11.8647 11.8565 11.7908 11.6679 11.4889 11.2564 10.9742 10.6471 10.2814 9.88416 9.46349 9.02829 8.58812 8.15303 7.7334 7.33977 6.98272 6.67274 6.42002 6.2344 6.12518 6.10091 6.16921 6.33641 6.60714 6.98378 7.46571 8.04853 8.72308 9.4746 10.282
2.32434 2.52821 2.74548 2.9768 3.22282 3.48414 3.7613 4.05476 4.36491 4.69197 5.03604 5.39702 5.77457 6.1681 6.57669 6.9991 7.43366 7.87829 8.33044 8.78705 9.24456 9.69889 10.1455 10.5792 10.9948 11.3863 11.7479 12.0735 12.3572 12.5934 12.7768 12.9031 12.9684 12.9702 12.907 12.7787 12.5864 12.333 12.0225 11.6604 11.2536 10.8102 10.3394 9.8513 9.35694 8.86777 8.39576 7.95309 7.55207 7.20495 6.92382 6.72049 6.60633 6.59217 6.68801 6.90274 7.24367 7.71583 8.32106 9.05689 9.91514 10.8805 11.9293
2.40608 2.62042 2.84936 3.09365 3.35407 3.63135 3.92616 4.23912 4.57074 4.92141 5.29135 5.68059 6.08892 6.51583 6.96049 7.42167 7.89772 8.38647 8.88524 9.39077 9.8992 10.4061 10.9063 11.3942 11.8637 12.3083 12.7211 13.0951 13.4234 13.6995 13.9171 14.071 14.1566 14.1706 14.1111 13.9778 13.7716 13.4955 13.1539 12.7531 12.3006 11.8057 11.2787 10.7312 10.1756 9.62513 9.09344 8.59455 8.14267 7.75203 7.43683 7.2111 7.08865 7.08293 7.2069 7.47269 7.89114 8.47103 9.21801 10.133 11.2104 12.4355 13.7828
2.48468 2.70952 2.95018 3.20756 3.48256 3.77605 4.08888 4.42181 4.77552 5.15055 5.5473 5.96595 6.40644 6.86838 7.35104 7.85327 8.3734 8.90925 9.45801 10.0162 10.5797 11.1437 11.7024 12.2498 12.7788 13.282 13.7516 14.1797 14.5582 14.8793 15.1359 15.3214 15.4306 15.4593 15.4051 15.267 15.0463 14.7457 14.3703 13.9267 13.4237 12.8715 12.2818 11.6678 11.0434 10.4237 9.82434 9.26125 8.75073 8.30922 7.95321 7.69921 7.56374 7.56332 7.71438 8.03304 8.53469 9.23323 10.1398 11.2608 12.5953 14.132 15.8448
2.55946 2.79473 3.04708 3.31757 3.60723 3.9171 4.24818 4.60142 4.97768 5.37769 5.80204 6.2511 6.72497 7.22343 7.74588 8.29125 8.85795 9.44376 10.0458 10.6604 11.2831 11.9087 12.531 13.1431 13.7371 14.3049 14.8374 15.3255 15.7599 16.1316 16.432 16.6537 16.79 16.8361 16.7888 16.6467 16.4107 16.0839 15.6717 15.1814 14.6227 14.0071 13.3479 12.6596 11.9584 11.261 10.5852 9.94918 9.37143 8.87071 8.46601 8.17652 8.02175 8.02162 8.19653 8.56736 9.15514 9.98041 11.0619 12.4142 14.0446 15.9483 18.1024
2.6297 2.87524 3.13917 3.42267 3.72695 4.05321 4.40264 4.77638 5.1755 5.60093 6.05349 6.53374 7.04201 7.57826 8.14206 8.73249 9.34801 9.98645 10.6448 11.3194 12.0053 12.697 13.3878 14.0699 14.7348 15.373 15.9745 16.5287 17.025 17.453 17.8026 18.065 18.2324 18.2988 18.2602 18.1147 17.863 17.5082 17.0561 16.515 15.8953 15.2101 14.474 13.7037 12.917 12.1329 11.3715 10.6532 9.99879 9.42963 8.96725 8.63367 8.45153 8.44445 8.63721 9.05611 9.72885 10.6842 11.9509 13.5552 15.5167 17.8426 20.5188
2.69465 2.95023 3.2255 3.52181 3.84054 4.18306 4.55078 4.94503 5.36711 5.8182 6.29933 6.81133 7.35475 7.9298 8.53624 9.17332 9.83963 10.5331 11.2506 11.9884 12.7413 13.5034 14.2673 15.0246 15.7659 16.4804 17.157 17.7835 18.3479 18.838 19.2422 19.5501 19.7525 19.8423 19.8143 19.6663 19.3984 19.0139 18.5191 17.9228 17.2368 16.4755 15.6553 14.7947 13.9137 13.0338 12.1771 11.3666 10.6257 9.97804 9.44796 9.0603 8.84093 8.8172 9.01856 9.47712 10.2281 11.3101 12.7641 14.6315 16.9499 19.7457 23.0217
2.75356 3.01882 3.30509 3.61388 3.94673 4.30524 4.691 5.10557 5.55051 6.02723 6.53705 7.08106 7.66008 8.27459 8.9246 9.60956 10.3282 11.0786 11.8577 12.6615 13.4848 14.3211 15.1626 16 16.8229 17.6195 18.377 19.0818 19.7202 20.2782 20.7424 21.1006 21.3421 21.4583 21.4431 21.2933 21.0089 20.5931 20.0525 19.3969 18.6394 17.7956 16.8839 15.925 14.941 13.9559 12.9942 12.0815 11.2436 10.507 9.89838 9.44548 9.17723 9.12465 9.32176 9.80662 10.6224 11.8183 13.4496 15.5765 18.2601 21.5542 25.4903
2.80567 3.08015 3.37695 3.69774 4.04426 4.41829 4.82164 5.25613 5.72356 6.22564 6.76395 7.33989 7.9546 8.60884 9.3029 10.0365 10.8086 11.6174 12.4599 13.3321 14.2285 15.1423 16.0652 16.987 17.8963 18.78 19.6239 20.4128 21.1308 21.7621 22.2915 22.7047 22.9891 23.1348 23.1344 22.9837 22.6825 22.2338 21.6447 20.9259 20.0916 19.1592 18.1491 17.084 15.9885 14.8891 13.8129 12.788 11.843 11.0066 10.3082 9.77797 9.44774 9.35177 9.52824 10.0208 10.8802 12.1665 13.95 16.3119 19.3413 23.128 27.7446
2.85022 3.13336 3.4401 3.77227 4.13181 4.52071 4.941 5.39477 5.88406 6.4109 6.97717 7.5846 8.23465 8.92842 9.66653 10.449 11.2751 12.1431 13.0502 13.9923 14.9639 15.9577 16.9649 17.9746 18.9743 19.9496 20.8847 21.7625 22.5652 23.2749 23.874 24.3463 24.6774 24.8553 24.8715 24.7209 24.4025 23.9195 23.2794 22.4937 21.578 20.5515 19.4364 18.2578 17.043 15.8208 14.6212 13.4748 12.4127 11.4662 10.6667 10.0468 9.64048 9.48476 9.62111 10.0977 10.9719 12.3134 14.2066 16.7536 20.0732 24.2958 29.5458
2.88648 3.17759 3.49354 3.83633 4.20808 4.611 5.04736 5.51949 6.02974 6.58042 7.17374 7.81179 8.49638 9.22897 10.0105 10.8414 11.7212 12.6485 13.6205 14.6333 15.6811 16.7566 17.8501 18.9503 20.0433 21.1135 22.1434 23.1141 24.0056 24.7977 25.4706 26.0056 26.3862 26.5987 26.633 26.4831 26.1473 25.6288 24.9354 24.0797 23.0786 21.953 20.7273 19.4291 18.088 16.7357 15.4049 14.1288 12.9408 11.8744 10.9633 10.2415 9.74491 9.51211 9.58676 10.02 10.8737 12.2244 14.168 16.8235 20.3364 24.8757 30.6195
2.91374 3.21203 3.53633 3.88882 4.27179 4.68768 5.139 5.62833 6.1583 6.73155 7.35064 8.01798 8.73579 9.50591 10.3297 11.2079 12.1404 13.1261 14.1624 15.2455 16.3696 17.527 18.7077 19.8994 21.0873 22.2545 23.3817 24.4479 25.431 26.3083 27.0576 27.6578 28.0902 28.339 28.3926 28.2438 27.8903 27.3352 26.5868 25.6586 24.5688 23.3403 21.9997 20.5768 19.1041 17.6159 16.1476 14.7351 13.4139 12.2197 11.1876 10.353 9.75254 9.42554 9.41626 9.77673 10.5705 11.8773 13.7987 16.4639 20.0357 24.7108 30.7092
