MatLab_Code/Ut_2D.grd
DSAA
101 101
-2500 2500
-2500 2500
-27.2412 108.971
[rows 28 to 55 of 101, columns 0 to 62 of 101]
2.93134 3.2359 3.56756 3.92867 4.32171 4.74932 5.21424 5.71932 6.26749 6.86168 7.50481 8.19966 8.94883 9.75458 10.6187 11.5423 12.5256 13.5678 14.6668 15.8187 17.0178 18.2561 19.5231 20.806 22.0888 23.3532 24.5783 25.741 26.8168 27.7807 28.6078 29.2744 29.7596 30.0456 30.1189 29.9712 29.5996 29.0071 28.2024 27.2 26.0195 24.6856 23.2271 21.6765 20.0687 18.4409 16.8311 15.2776 13.8182 12.4902 11.3299 10.3734 9.65743 9.22072 9.10652 9.36545 10.0594 11.2666 13.0876 15.652 19.1257 23.714 29.6527
2.93868 3.24849 3.5864 3.9549 4.35668 4.79454 5.27149 5.79061 6.35511 6.96825 7.63327 8.35335 9.13147 9.97029 10.872 11.8382 12.8695 13.9655 15.1243 16.3421 17.6134 18.93 20.281 21.6528 23.0286 24.3886 25.7102 26.9682 28.136 29.1858 30.0902 30.823 31.3607 31.6834 31.7761 31.6291 31.239 30.6085 29.7469 28.6695 27.3975 25.9574 24.3801 22.7007 20.9568 19.1881 17.4353 15.739 14.1391 12.6741 11.3813 10.2968 9.45646 8.89753 8.66062 8.79268 9.35076 10.4068 12.0531 14.4096 17.6295 21.9035 27.4517
2.93523 3.24917 3.59208 3.96663 4.37563 4.82211 5.30926 5.84044 6.41911 7.04883 7.7332 8.47573 9.2798 10.1485 11.0844 12.0896 13.1651 14.3109 15.5253 16.8049 18.1441 19.5346 20.9653 22.4219 23.8866 25.3383 26.7527 28.1027 29.3593 30.4922 31.4714 32.2681 32.8564 33.2143 33.3251 33.1779 32.7685 32.0998 31.1813 30.0293 28.6665 27.1212 25.4266 23.6199 21.7415 19.8336 17.9394 16.1017 14.362 12.7603 11.334 10.1188 9.1493 8.45996 8.08753 8.07345 8.46726 9.33065 10.7423 12.8031 15.641 19.4127 24.2948
2.92053 3.23739 3.58398 3.96306 4.37764 4.8309 5.32624 5.86723 6.45761 7.10121 7.80193 8.56366 9.39015 10.2849 11.2509 12.2906 13.4055 14.5958 15.8605 17.1961 18.5973 20.0557 21.5599 23.095 24.6422 26.1794 27.6805 29.1167 30.4564 31.6673 32.7165 33.5729 34.2081 34.5981 34.7246 34.5755 34.1462 33.4392 32.4647 31.2399 29.7887 28.1413 26.333 24.4033 22.3951 20.3529 18.3223 16.348 14.4732 12.7385 11.1816 9.83737 8.73819 7.91542 7.40096 7.22951 7.44138 8.08565 9.22375 10.9329 13.3083 16.4626 20.5156
2.89426 3.21274 3.56155 3.94357 4.36193 4.81998 5.32128 5.86963 6.46896 7.12341 7.83714 8.61436 9.45918 10.3755 11.3666 12.4355 13.584 14.8128 16.121 17.5056 18.9613 20.4797 22.0491 23.6542 25.2754 26.8893 28.4685 29.9823 31.3971 32.6781 33.7902 34.6999 35.3765 35.7941 35.9329 35.7799 35.3296 34.5848 33.556 32.2612 30.726 28.9819 27.0662 25.0207 22.8904 20.7223 18.5637 16.4614 14.4597 12.5999 10.9194 9.45185 8.22747 7.27391 6.61782 6.28669 6.311 6.72658 7.5769 8.91477 10.8026 13.3096 16.5016
2.85616 3.17491 3.52442 3.90767 4.32791 4.7886 5.29348 5.8465 6.45183 7.11378 7.83682 8.62543 9.48402 10.4168 11.4276 12.5196 13.695 14.955 16.2988 17.724 19.225 20.7938 22.4183 24.0828 25.7671 27.4467 29.0929 30.6732 32.1524 33.4934 34.659 35.6133 36.324 36.7633 36.9101 36.7502 36.2781 35.4962 34.4156 33.0554 31.4421 29.6088 27.5948 25.4436 23.2023 20.9198 18.6454 16.4272 14.3106 12.3372 10.5441 8.96347 7.62309 6.54691 5.75638 5.27194 5.11473 5.30822 5.87955 6.86013 8.28472 10.1878 12.5957
2.80612 3.12373 3.47236 3.85506 4.27517 4.73627 5.24219 5.79705 6.40517 7.07107 7.79942 8.59495 9.46234 10.4061 11.4303 12.5386 13.7335 15.0164 16.387 17.8429 19.3789 20.9869 22.6546 24.366 26.1004 27.8324 29.532 31.1656 32.696 34.0845 35.2919 36.2807 37.0164 37.4702 37.6195 37.4496 36.9545 36.1369 35.0082 33.5882 31.9046 29.992 27.8911 25.647 23.3088 20.9269 18.552 16.2335 14.0175 11.9458 10.0546 8.37501 6.93214 5.74647 4.83464 4.21078 3.88787 3.87896 4.19804 4.86009 5.88001 7.26975 9.03305
2.74414 3.05918 3.4053 3.78563 4.20354 4.66271 5.16705 5.72079 6.32836 6.99445 7.72388 8.52158 9.39246 10.3412 11.3723 12.4895 13.6957 14.9926 16.38 17.8559 19.4152 21.0497 22.7472 24.4914 26.2611 28.0302 29.7678 31.4391 33.0057 34.4273 35.6631 36.674 37.4246 37.8844 38.0302 37.8467 37.3278 36.4761 35.3037 33.831 32.0867 30.1066 27.9325 25.6111 23.1927 20.729 18.2721 15.8719 13.5751 11.4232 9.45196 7.69071 6.16245 4.88444 3.86915 3.1254 2.65961 2.47686 2.58158 2.97775 3.66823 4.65334 5.92864
2.67038 2.98139 3.32337 3.69946 4.11308 4.56793 5.068 5.61757 6.22116 6.88355 7.60968 8.40462 9.27342 10.221 11.2519 12.3703 13.5791 14.8803 16.274 17.7582 19.3281 20.9755 22.6882 24.4497 26.2384 28.0278 29.7863 31.4783 33.0642 34.5028 35.7521 36.772 37.5258 37.9825 38.1183 37.9176 37.374 36.4907 35.2798 33.7627 31.9688 29.9346 27.7031 25.322 22.8424 20.3172 17.7989 15.3381 12.9815 10.7702 8.73918 6.91626 5.32238 3.97205 2.87427 2.03373 1.45191 1.1283 1.06114 1.24801 1.68599 2.37157 3.30085
2.5851 2.89064 3.22684 3.59684 4.00407 4.45222 4.94532 5.48765 6.08378 6.73852 7.45689 8.24402 9.10505 10.045 11.0686 12.18 13.3824 14.6779 16.0668 17.5472 19.1144 20.7603 22.4727 24.235 26.0255 27.8172 29.5785 31.2728 32.8602 34.2987 35.5456 36.5602 37.3053 37.7494 37.8683 37.6466 37.078 36.1657 34.9226 33.3704 31.539 29.4657 27.1941 24.7726 22.2527 19.6879 17.1309 14.6323 12.2387 9.99051 7.92173 6.05876 4.42068 3.01969 1.86208 0.949391 0.279706 -0.151115 -0.348334 -0.317364 -0.0628769 0.412264 1.10865
2.48871 2.78738 3.1162 3.47829 3.87705 4.31616 4.7996 5.33165 5.91685 6.56003 7.26618 8.04044 8.88799 9.81387 10.8228 11.9191 13.106 14.3856 15.7584 17.2226 18.7735 20.403 22.0993 23.8454 25.6198 27.3956 29.1406 30.8185 32.3889 33.8096 35.0378 36.0326 36.7566 37.1783 37.2738 37.0276 36.4338 35.4961 34.2275 32.6502 30.7945 28.6981 26.4048 23.9632 21.4251 18.8437 16.2717 13.7594 11.3525 9.09094 7.00731 5.12671 3.46655 2.03711 0.842576 -0.117722 -0.847949 -1.35434 -1.64382 -1.7227 -1.59516 -1.26156 -0.716012
2.38177 2.6722 2.9921 3.34452 3.73281 4.16059 4.63177 5.15058 5.72149 6.34926 7.03883 7.79527 8.62372 9.52918 10.5164 11.5894 12.7518 14.0054 15.3509 16.7864 18.3074 19.9059 21.57 23.283 25.0235 26.7647 28.4748 30.1172 31.6522 33.0375 34.2307 35.1912 35.882 36.2719 36.3375 36.0638 35.4452 34.4858 33.199 31.6073 29.7412 27.6382 25.3422 22.9016 20.3677 17.7933 15.2305 12.7287 10.3328 8.08134 6.00587 4.13002 2.46966 1.03353 -0.175807 -1.16056 -1.92627 -2.48023 -2.82994 -2.98146 -2.93765 -2.69604 -2.24629
2.26493 2.54585 2.85536 3.19645 3.57236 3.98664 4.44309 4.94582 5.49922 6.1079 6.77671 7.51059 8.31454 9.19345 10.1519 11.194 12.323 13.541 14.8482 16.243 17.7209 19.274 20.8904 22.5539 24.2432 25.9318 27.5884 29.1771 30.6586 31.9915 33.1341 34.0464 34.6924 35.0417 35.0716 34.7677 34.1251 33.1484 31.8512 30.256 28.3934 26.3006 24.021 21.6023 19.095 16.5511 14.0213 11.554 9.19259 6.9744 4.92944 3.07992 1.44032 0.0180076 -1.18564 -2.17391 -2.95313 -3.53106 -3.91517 -4.11087 -4.11961 -3.93668 -3.5486
2.139 2.4092 2.70697 3.03517 3.39694 3.79569 4.23509 4.71911 5.25198 5.83815 6.48227 7.18912 7.96351 8.81013 9.7334 10.7372 11.8246 12.9976 14.2564 15.5992 17.0215 18.5156 20.0698 21.6681 23.2896 24.9087 26.4945 28.0122 29.4235 30.688 31.7652 32.6166 33.2071 33.5078 33.4968 33.1609 32.4957 31.5062 30.2065 28.6189 26.7736 24.7074 22.4628 20.0863 17.6274 15.1364 12.6627 10.2527 7.9484 5.78533 3.79193 1.98892 0.389422 -1.00035 -2.18 -3.15353 -3.92773 -4.51048 -4.90902 -5.12813 -5.16818 -5.02303 -4.67757
2.00487 2.26328 2.54807 2.86197 3.20798 3.58936 4.00961 4.47252 4.9821 5.54262 6.15848 6.83423 7.57442 8.3835 9.26562 10.2244 11.2628 12.3823 13.5833 14.8637 16.219 17.6417 19.1202 20.6391 22.1779 23.7119 25.2112 26.6422 27.9678 29.1495 30.1483 30.9272 31.453 31.6981 31.6422 31.2729 30.5869 29.5897 28.2953 26.726 24.9115 22.8876 20.6956 18.3807 15.9905 13.5736 11.1772 8.84586 6.61939 4.53151 2.60887 0.870607 -0.671471 -2.01222 -3.15205 -4.09547 -4.84954 -5.42215 -5.82029 -6.0483 -6.106 -5.9867 -5.67494
1.86352 2.1092 2.37991 2.67827 3.0071 3.36947 3.76871 4.20837 4.69224 5.22432 5.80876 6.4498 7.1517 7.91858 8.75429 9.66215 10.6447 11.7034 12.8382 14.0471 15.3254 16.6657 18.0568 19.4837 20.9267 22.362 23.7609 25.0914 26.3183 27.4046 28.3136 29.0103 29.4636 29.6476 29.5436 29.1406 28.4362 27.4362 26.1549 24.6142 22.843 20.8759 18.7529 16.5171 14.2143 11.8904 9.59066 7.35701 5.22696 3.23207 1.39707 -0.260541 -1.73028 -3.00802 -4.09484 -4.99567 -5.71773 -6.2689 -6.65603 -6.8833 -6.95048 -6.8511 -6.57046
1.71605 1.94816 2.20388 2.48562 2.79605 3.13803 3.51466 3.92925 4.38533 4.8866 5.43691 6.04017 6.70028 7.42102 8.20585 9.05774 9.9789 10.9705 12.0321 13.1616 14.3545 15.6032 16.8971 18.2215 19.5577 20.8829 22.1701 23.3888 24.5058 25.4867 26.2968 26.9037 27.2784 27.3973 27.2433 26.807 26.0868 25.0892 23.8283 22.3257 20.6091 18.7121 16.6724 14.5313 12.332 10.118 7.93149 5.81191 3.79413 1.90734 0.174203 -1.38949 -2.7746 -3.97795 -5.00124 -5.84976 -6.53085 -7.05239 -7.42124 -7.64168 -7.71387 -7.63222 -7.38359
1.56357 1.78147 2.02142 2.28569 2.57672 2.89717 3.24989 3.63793 4.06453 4.53307 5.04705 5.61003 6.22554 6.89693 7.62729 8.41917 9.2744 10.1938 11.1767 12.2208 13.3215 14.4715 15.6603 16.874 18.0949 19.3013 20.4679 21.5662 22.5653 23.433 24.1377 24.6492 24.9414 24.9927 24.7882 24.3198 23.587 22.5967 21.3631 19.907 18.2551 16.4392 14.4952 12.4619 10.3797 8.28921 6.22969 4.23754 2.34486 0.578289 -1.04168 -2.50103 -3.79194 -4.91218 -5.86404 -6.65309 -7.28679 -7.77307 -8.1189 -8.3289 -8.40396 -8.33981 -8.12554
1.40728 1.61045 1.83407 2.0802 2.35108 2.64914 2.97696 3.33732 3.73315 4.16749 4.6435 5.16434 5.73312 6.35279 7.026 7.75489 8.54089 9.38443 10.2846 11.2389 12.2427 13.2888 14.3671 15.4645 16.5641 17.6458 18.6859 19.6581 20.5338 21.2838 21.8789 22.2921 22.4997 22.4829 22.2284 21.7299 20.9879 20.0097 18.8094 17.4071 15.8282 14.1027 12.2642 10.349 8.39444 6.43807 4.51595 2.6613 0.903266 -0.734146 -2.23271 -3.58019 -4.77012 -5.80116 -6.67614 -7.40088 -7.98297 -8.4304 -8.75034 -8.94791 -9.02493 -8.9788 -8.80118
1.24838 1.43649 1.64338 1.87093 2.12115 2.39622 2.69848 3.03041 3.3946 3.79378 4.2307 4.70815 5.22881 5.79522 6.40957 7.07358 7.78826 8.5537 9.36872 10.2306 11.1346 12.0739 13.0387 14.0166 14.9919 15.9457 16.8565 17.6999 18.45 19.0803 19.5647 19.8789 20.0022 19.9181 19.6155 19.0898 18.3422 17.3806 16.2188 14.8761 13.3766 11.7483 10.0226 8.23272 6.41321 4.59823 2.82049 1.10999 -0.507197 -2.00977 -3.38178 -4.61279 -5.69765 -6.63588 -7.4308 -8.08849 -8.61658 -9.02318 -9.31569 -9.49978 -9.57836 -9.55062 -9.41098
1.0881 1.26096 1.45093 1.65966 1.88895 2.14075 2.4171 2.7202 3.05232 3.41583 3.81312 4.24657 4.71846 5.23089 5.78561 6.38393 7.02646 7.71294 8.44192 9.2105 10.014 10.8457 11.6964 12.5543 13.4048 14.2308 15.0122 15.7271 16.3523 16.864 17.239 17.4561 17.4973 17.3486 17.001 16.4513 15.7019 14.7609 13.6418 12.3631 10.9473 9.42073 7.81209 6.15195 4.47156 2.8018 1.17201 -0.391142 -1.86463 -3.22988 -4.4732 -5.58592 -6.56417 -7.40828 -8.12204 -8.71169 -9.18494 -9.54996 -9.81439 -9.98447 -10.0642 -10.0545 -9.95264
0.927642 1.08526 1.25828 1.44818 1.65653 1.88502 2.13544 2.40968 2.7097 3.03752 3.39517 3.78463 4.20779 4.66632 5.16157 5.69444 6.26517 6.87317 7.51677 8.19294 8.89704 9.62252 10.3607 11.1006 11.8288 12.5294 13.1844 13.7743 14.2781 14.6749 14.9446 15.0686 15.0318 14.8226 14.434 13.8642 13.1165 12.1994 11.1261 9.91407 8.58452 7.16159 5.67167 4.14246 2.60207 1.07808 -0.403562 -1.81944 -3.14956 -4.378 -5.49328 -6.48846 -7.36087 -8.11161 -8.74487 -9.26702 -9.6858 -10.0094 -10.2457 -10.4014 -10.4815 -10.4887 -10.4226
0.768208 0.910728 1.06698 1.23824 1.42587 1.6313 1.85606 2.10176 2.37005 2.66261 2.98111 3.32718 3.70231 4.10778 4.54458 5.01321 5.5136 6.04489 6.60519 7.1914 7.79896 8.42158 9.05111 9.67732 10.2879 10.8684 11.4028 11.8735 12.2622 12.5505 12.721 12.7581 12.6491 12.3846 11.9597 11.3739 10.6314 9.74078 8.715 7.57068 6.32756 5.00786 3.63557 2.23563 0.833106 -0.547682 -1.88403 -3.15571 -4.34565 -5.44049 -6.43089 -7.31151 -8.08084 -8.7407 -9.29559 -9.75201 -10.1177 -10.4007 -10.6091 -10.7501 -10.8294 -10.8512 -10.8173
0.610949 0.738681 0.878518 1.03153 1.19888 1.38175 1.58143 1.79924 2.03654 2.29469 2.57503 2.87883 3.20724 3.56118 3.9413 4.3478 4.78032 5.23776 5.71812 6.21827 6.73377 7.25865 7.78526 8.30418 8.80417 9.27227 9.69404 10.054 10.336 10.5243 10.6039 10.5619 10.3877 10.0743 9.61826 9.0205 8.28591 7.42341 6.44559 5.36824 4.20974 2.99051 1.73224 0.457245 -0.812311 -2.05519 -3.25181 -4.38496 -5.44035 -6.40708 -7.27779 -8.0487 -8.71934 -9.29218 -9.77202 -10.1654 -10.48 -10.7238 -10.9048 -11.0306 -11.1075 -11.1407 -11.1342
0.456967 0.57037 0.694308 0.829668 0.977391 1.13846 1.31391 1.50479 1.71218 1.93714 2.18072 2.44386 2.72739 3.03195 3.35786 3.70509 4.07305 4.4605 4.86538 5.28459 5.71388 6.14763 6.57877 6.99862 7.397 7.76226 8.08152 8.34111 8.52703 8.6256 8.62422 8.51205 8.28078 7.92513 7.44335 6.83737 6.11285 5.27895 4.34801 3.33509 2.25738 1.13361 -0.0165891 -1.17333 -2.31718 -3.42977 -4.49444 -5.49683 -6.42527 -7.27113 -8.02895 -8.69637 -9.27393 -9.76464 -10.1736 -10.5073 -10.7732 -10.9794 -11.1337 -11.2437 -11.3162 -11.3573 -11.372
0.307299 0.406976 0.515696 0.63417 0.763142 0.903385 1.0557 1.22088 1.39976 1.59312 1.80171 2.02622 2.26719 2.52499 2.79973 3.09117 3.3986 3.7207 4.05543 4.39983 4.7499 5.10041 5.44487 5.77539 6.08274 6.35644 6.58504 6.75644 6.85837 6.87903 6.8077 6.63545 6.3557 5.96481 5.46233 4.85126 4.1379 3.33173 2.44497 1.49209 0.489307 -0.546066 -1.59622 -2.64348 -3.67085 -4.66261 -5.60484 -6.48579 -7.29625 -8.02974 -8.68254 -9.25363 -9.74446 -10.1586 -10.5013 -10.779 -10.9992 -11.1695 -11.2976 -11.3912 -11.4572 -11.5021 -11.5318
0.162914 0.2496 0.343935 0.446463 0.557743 0.678349 0.808857 0.949847 1.10188 1.26551 1.44124 1.62948 1.83057 2.04466 2.2717 2.51134 2.76279 3.02479 3.29539 3.57186 3.85053 4.12667 4.39436 4.64647 4.87467 5.06953 5.22075 5.31751 5.34895 5.30468 5.17546 4.95379 4.63451 4.21522 3.69663 3.08264 2.38026 1.59935 0.752193 -0.147008 -1.08275 -2.03881 -2.99889 -3.94718 -4.86888 -5.75069 -6.58116 -7.35101 -8.05331 -8.68358 -9.23979 -9.72216 -10.133 -10.4764 -10.7577 -10.9834 -11.1607 -11.2969 -11.3996 -11.476 -11.5332 -11.5779 -11.6162
0.0246969 0.0992556 0.180182 0.267864 0.362692 0.465047 0.575304 0.693825 0.82095 0.956993 1.10223 1.25687 1.42106 1.59479 1.77792 1.97005 2.17045 2.37796 2.59088 2.80682 3.02255 3.23387 3.43553 3.62113 3.78316 3.91306 4.00144 4.03842 4.01405 3.9189 3.74466 3.48475 3.13494 2.69376 2.16282 1.54686 0.853639 0.0935943 -0.720613 -1.57471 -2.45345 -3.34131 -4.22309 -5.08449 -5.91261 -6.6963 -7.4264 -8.09596 -8.70021 -9.23662 -9.70473 -10.106 -10.4436 -10.7219 -10.9467 -11.1242 -11.2614 -11.3654 -11.4432 -11.502 -11.5483 -11.5889 -11.6298
